 0.000 0.27593
 0.010 0.27630
 0.020 0.27664
 0.030 0.27694
 0.040 0.27719
 0.050 0.27739
 0.060 0.27752
 0.070 0.27758
 0.080 0.27756
 0.090 0.27747
 0.100 0.27731
 0.110 0.27709
 0.120 0.27682
 0.130 0.27651
 0.140 0.27618
 0.150 0.27584
 0.160 0.27549
 0.170 0.27516
 0.180 0.27485
 0.190 0.27455
 0.200 0.27427
 0.210 0.27400
 0.220 0.27376
 0.230 0.27353
 0.240 0.27330
 0.250 0.27307
 0.260 0.27283
 0.270 0.27256
 0.280 0.27225
 0.290 0.27188
 0.300 0.27143
 0.310 0.27089
 0.320 0.27021
 0.330 0.26939
 0.340 0.26838
 0.350 0.26717
 0.360 0.26575
 0.370 0.26409
 0.380 0.26219
 0.390 0.26006
 0.400 0.25768
 0.410 0.25508
 0.420 0.25225
 0.430 0.24920
 0.440 0.24595
 0.450 0.24252
 0.460 0.23896
 0.470 0.23531
 0.480 0.23166
 0.490 0.22811
 0.500 0.22479
 0.510 0.22180
 0.520 0.21929
 0.530 0.21737
 0.540 0.21617
 0.550 0.21578
 0.560 0.21628
 0.570 0.21773
 0.580 0.22015
 0.590 0.22351
 0.600 0.22777
 0.610 0.23282
 0.620 0.23852
 0.630 0.24470
 0.640 0.25119
 0.650 0.25780
 0.660 0.26436
 0.670 0.27075
 0.680 0.27686
 0.690 0.28264
 0.700 0.28807
 0.710 0.29317
 0.720 0.29796
 0.730 0.30249
 0.740 0.30684
 0.750 0.31105
 0.760 0.31521
 0.770 0.31941
 0.780 0.32372
 0.790 0.32823
 0.800 0.33302
 0.810 0.33812
 0.820 0.34360
 0.830 0.34947
 0.840 0.35576
 0.850 0.36249
 0.860 0.36966
 0.870 0.37728
 0.880 0.38532
 0.890 0.39380
 0.900 0.40269
 0.910 0.41197
 0.920 0.42162
 0.930 0.43158
 0.940 0.44182
 0.950 0.45229
 0.960 0.46294
 0.970 0.47369
 0.980 0.48448
 0.990 0.49522
 1.000 0.50581
 1.010 0.51616
 1.020 0.52617
 1.030 0.53573
 1.040 0.54475
 1.050 0.55317
 1.060 0.56092
 1.070 0.56797
 1.080 0.57427
 1.090 0.57980
 1.100 0.58451
 1.110 0.58838
 1.120 0.59140
 1.130 0.59358
 1.140 0.59495
 1.150 0.59552
 1.160 0.59535
 1.170 0.59445
 1.180 0.59284
 1.190 0.59054
 1.200 0.58754
 1.210 0.58384
 1.220 0.57948
 1.230 0.57450
 1.240 0.56897
 1.250 0.56300
 1.260 0.55668
 1.270 0.55012
 1.280 0.54340
 1.290 0.53663
 1.300 0.52985
 1.310 0.52314
 1.320 0.51655
 1.330 0.51013
 1.340 0.50391
 1.350 0.49796
 1.360 0.49231
 1.370 0.48697
 1.380 0.48194
 1.390 0.47717
 1.400 0.47261
 1.410 0.46818
 1.420 0.46382
 1.430 0.45948
 1.440 0.45513
 1.450 0.45077
 1.460 0.44638
 1.470 0.44199
 1.480 0.43761
 1.490 0.43326
 1.500 0.42895
 1.510 0.42470
 1.520 0.42051
 1.530 0.41641
 1.540 0.41243
 1.550 0.40858
 1.560 0.40489
 1.570 0.40136
 1.580 0.39796
 1.590 0.39466
 1.600 0.39140
 1.610 0.38813
 1.620 0.38479
 1.630 0.38132
 1.640 0.37770
 1.650 0.37392
 1.660 0.36999
 1.670 0.36591
 1.680 0.36171
 1.690 0.35739
 1.700 0.35298
 1.710 0.34849
 1.720 0.34394
 1.730 0.33934
 1.740 0.33471
 1.750 0.33006
 1.760 0.32542
 1.770 0.32080
 1.780 0.31623
 1.790 0.31174
 1.800 0.30737
 1.810 0.30315
 1.820 0.29910
 1.830 0.29527
 1.840 0.29167
 1.850 0.28832
 1.860 0.28522
 1.870 0.28241
 1.880 0.27988
 1.890 0.27763
 1.900 0.27563
 1.910 0.27385
 1.920 0.27228
 1.930 0.27089
 1.940 0.26968
 1.950 0.26864
 1.960 0.26774
 1.970 0.26696
 1.980 0.26625
 1.990 0.26560
 2.000 0.26498
 2.010 0.26439
 2.020 0.26382
 2.030 0.26328
 2.040 0.26278
 2.050 0.26232
 2.060 0.26192
 2.070 0.26160
 2.080 0.26138
 2.090 0.26127
 2.100 0.26126
 2.110 0.26137
 2.120 0.26159
 2.130 0.26193
 2.140 0.26236
 2.150 0.26290
 2.160 0.26353
 2.170 0.26424
 2.180 0.26504
 2.190 0.26591
 2.200 0.26687
 2.210 0.26789
 2.220 0.26898
 2.230 0.27013
 2.240 0.27135
 2.250 0.27263
 2.260 0.27398
 2.270 0.27543
 2.280 0.27699
 2.290 0.27868
 2.300 0.28055
 2.310 0.28261
 2.320 0.28487
 2.330 0.28733
 2.340 0.28997
 2.350 0.29278
 2.360 0.29570
 2.370 0.29870
 2.380 0.30172
 2.390 0.30473
 2.400 0.30766
 2.410 0.31047
 2.420 0.31311
 2.430 0.31552
 2.440 0.31767
 2.450 0.31954
 2.460 0.32110
 2.470 0.32235
 2.480 0.32331
 2.490 0.32398
 2.500 0.32440
 2.510 0.32458
 2.520 0.32455
 2.530 0.32434
 2.540 0.32397
 2.550 0.32347
 2.560 0.32285
 2.570 0.32215
 2.580 0.32138
 2.590 0.32055
 2.600 0.31967
 2.610 0.31874
 2.620 0.31774
 2.630 0.31668
 2.640 0.31554
 2.650 0.31430
 2.660 0.31297
 2.670 0.31155
 2.680 0.31004
 2.690 0.30847
 2.700 0.30684
 2.710 0.30518
 2.720 0.30353
 2.730 0.30190
 2.740 0.30033
 2.750 0.29883
 2.760 0.29742
 2.770 0.29614
 2.780 0.29498
 2.790 0.29396
 2.800 0.29309
 2.810 0.29236
 2.820 0.29177
 2.830 0.29131
 2.840 0.29096
 2.850 0.29071
 2.860 0.29054
 2.870 0.29043
 2.880 0.29039
 2.890 0.29038
 2.900 0.29041
 2.910 0.29045
 2.920 0.29050
 2.930 0.29053
 2.940 0.29053
 2.950 0.29046
 2.960 0.29030
 2.970 0.29003
 2.980 0.28960
 2.990 0.28900
 3.000 0.28820
 3.010 0.28717
 3.020 0.28587
 3.030 0.28429
 3.040 0.28239
 3.050 0.28016
 3.060 0.27761
 3.070 0.27473
 3.080 0.27156
 3.090 0.26812
 3.100 0.26447
 3.110 0.26064
 3.120 0.25670
 3.130 0.25270
 3.140 0.24871
 3.150 0.24477
 3.160 0.24092
 3.170 0.23720
 3.180 0.23363
 3.190 0.23021
 3.200 0.22695
 3.210 0.22384
 3.220 0.22085
 3.230 0.21794
 3.240 0.21508
 3.250 0.21226
 3.260 0.20945
 3.270 0.20662
 3.280 0.20379
 3.290 0.20093
 3.300 0.19807
 3.310 0.19522
 3.320 0.19242
 3.330 0.18969
 3.340 0.18708
 3.350 0.18466
 3.360 0.18248
 3.370 0.18059
 3.380 0.17905
 3.390 0.17790
 3.400 0.17717
 3.410 0.17689
 3.420 0.17705
 3.430 0.17762
 3.440 0.17859
 3.450 0.17991
 3.460 0.18153
 3.470 0.18341
 3.480 0.18550
 3.490 0.18777
 3.500 0.19015
 3.510 0.19262
 3.520 0.19515
 3.530 0.19773
 3.540 0.20031
 3.550 0.20288
 3.560 0.20538
 3.570 0.20777
 3.580 0.21000
 3.590 0.21202
 3.600 0.21377
 3.610 0.21523
 3.620 0.21638
 3.630 0.21723
 3.640 0.21780
 3.650 0.21812
 3.660 0.21822
 3.670 0.21815
 3.680 0.21794
 3.690 0.21762
 3.700 0.21723
 3.710 0.21679
 3.720 0.21629
 3.730 0.21576
 3.740 0.21516
 3.750 0.21449
 3.760 0.21370
 3.770 0.21275
 3.780 0.21160
 3.790 0.21018
 3.800 0.20842
 3.810 0.20624
 3.820 0.20354
 3.830 0.20023
 3.840 0.19620
 3.850 0.19139
 3.860 0.18575
 3.870 0.17930
 3.880 0.17209
 3.890 0.16422
 3.900 0.15588
 3.910 0.14729
 3.920 0.13871
 3.930 0.13046
 3.940 0.12283
 3.950 0.11611
 3.960 0.11059
 3.970 0.10650
 3.980 0.10407
 3.990 0.10344
 4.000 0.10473
 4.010 0.10800
 4.020 0.11325
 4.030 0.12046
 4.040 0.12955
 4.050 0.14037
 4.060 0.15279
 4.070 0.16660
 4.080 0.18162
 4.090 0.19764
 4.100 0.21448
 4.110 0.23193
 4.120 0.24982
 4.130 0.26796
 4.140 0.28617
 4.150 0.30427
 4.160 0.32208
 4.170 0.33940
 4.180 0.35603
 4.190 0.37179
 4.200 0.38651
 4.210 0.40002
 4.220 0.41223
 4.230 0.42307
 4.240 0.43256
 4.250 0.44074
 4.260 0.44773
 4.270 0.45367
 4.280 0.45871
 4.290 0.46304
 4.300 0.46680
 4.310 0.47014
 4.320 0.47317
 4.330 0.47598
 4.340 0.47862
 4.350 0.48112
 4.360 0.48351
 4.370 0.48580
 4.380 0.48801
 4.390 0.49017
 4.400 0.49229
 4.410 0.49440
 4.420 0.49655
 4.430 0.49876
 4.440 0.50106
 4.450 0.50347
 4.460 0.50599
 4.470 0.50858
 4.480 0.51123
 4.490 0.51386
 4.500 0.51642
 4.510 0.51886
 4.520 0.52110
 4.530 0.52312
 4.540 0.52486
 4.550 0.52632
 4.560 0.52749
 4.570 0.52839
 4.580 0.52904
 4.590 0.52946
 4.600 0.52966
 4.610 0.52964
 4.620 0.52938
 4.630 0.52883
 4.640 0.52791
 4.650 0.52657
 4.660 0.52471
 4.670 0.52228
 4.680 0.51925
 4.690 0.51559
 4.700 0.51131
 4.710 0.50641
 4.720 0.50091
 4.730 0.49485
 4.740 0.48827
 4.750 0.48122
 4.760 0.47373
 4.770 0.46587
 4.780 0.45774
 4.790 0.44944
 4.800 0.44110
 4.810 0.43286
 4.820 0.42483
 4.830 0.41714
 4.840 0.40987
 4.850 0.40307
 4.860 0.39679
 4.870 0.39102
 4.880 0.38576
 4.890 0.38093
 4.900 0.37648
 4.910 0.37231
 4.920 0.36834
 4.930 0.36450
 4.940 0.36072
 4.950 0.35696
 4.960 0.35316
 4.970 0.34929
 4.980 0.34535
 4.990 0.34131
 5.000 0.33717
 5.010 0.33293
 5.020 0.32860
 5.030 0.32420
 5.040 0.31975
 5.050 0.31527
 5.060 0.31078
 5.070 0.30628
 5.080 0.30178
 5.090 0.29727
 5.100 0.29272
 5.110 0.28811
 5.120 0.28339
 5.130 0.27850
 5.140 0.27341
 5.150 0.26807
 5.160 0.26247
 5.170 0.25661
 5.180 0.25050
 5.190 0.24419
 5.200 0.23774
 5.210 0.23120
 5.220 0.22463
 5.230 0.21807
 5.240 0.21155
 5.250 0.20511
 5.260 0.19880
 5.270 0.19265
 5.280 0.18675
 5.290 0.18115
 5.300 0.17594
 5.310 0.17120
 5.320 0.16698
 5.330 0.16334
 5.340 0.16030
 5.350 0.15787
 5.360 0.15605
 5.370 0.15482
 5.380 0.15414
 5.390 0.15396
 5.400 0.15424
 5.410 0.15492
 5.420 0.15592
 5.430 0.15719
 5.440 0.15865
 5.450 0.16023
 5.460 0.16188
 5.470 0.16354
 5.480 0.16517
 5.490 0.16672
 5.500 0.16818
 5.510 0.16953
 5.520 0.17077
 5.530 0.17193
 5.540 0.17304
 5.550 0.17413
 5.560 0.17526
 5.570 0.17647
 5.580 0.17782
 5.590 0.17936
 5.600 0.18111
 5.610 0.18313
 5.620 0.18542
 5.630 0.18799
 5.640 0.19084
 5.650 0.19397
 5.660 0.19735
 5.670 0.20095
 5.680 0.20473
 5.690 0.20865
 5.700 0.21265
 5.710 0.21668
 5.720 0.22067
 5.730 0.22459
 5.740 0.22839
 5.750 0.23203
 5.760 0.23547
 5.770 0.23871
 5.780 0.24171
 5.790 0.24448
 5.800 0.24703
 5.810 0.24938
 5.820 0.25154
 5.830 0.25356
 5.840 0.25544
 5.850 0.25723
 5.860 0.25895
 5.870 0.26063
 5.880 0.26229
 5.890 0.26395
 5.900 0.26564
 5.910 0.26737
 5.920 0.26914
 5.930 0.27095
 5.940 0.27280
 5.950 0.27468
 5.960 0.27657
 5.970 0.27846
 5.980 0.28034
 5.990 0.28219
 6.000 0.28399
 6.010 0.28574
 6.020 0.28740
 6.030 0.28897
 6.040 0.29041
 6.050 0.29169
 6.060 0.29277
 6.070 0.29361
 6.080 0.29417
 6.090 0.29441
 6.100 0.29429
 6.110 0.29377
 6.120 0.29282
 6.130 0.29139
 6.140 0.28948
 6.150 0.28707
