 0.000 0.12544
 0.010 0.12531
 0.020 0.12519
 0.030 0.12508
 0.040 0.12498
 0.050 0.12488
 0.060 0.12478
 0.070 0.12469
 0.080 0.12460
 0.090 0.12451
 0.100 0.12442
 0.110 0.12433
 0.120 0.12425
 0.130 0.12416
 0.140 0.12407
 0.150 0.12398
 0.160 0.12388
 0.170 0.12379
 0.180 0.12369
 0.190 0.12359
 0.200 0.12349
 0.210 0.12339
 0.220 0.12329
 0.230 0.12319
 0.240 0.12310
 0.250 0.12300
 0.260 0.12291
 0.270 0.12282
 0.280 0.12274
 0.290 0.12266
 0.300 0.12259
 0.310 0.12253
 0.320 0.12247
 0.330 0.12242
 0.340 0.12238
 0.350 0.12235
 0.360 0.12233
 0.370 0.12231
 0.380 0.12231
 0.390 0.12231
 0.400 0.12233
 0.410 0.12235
 0.420 0.12238
 0.430 0.12242
 0.440 0.12247
 0.450 0.12252
 0.460 0.12257
 0.470 0.12263
 0.480 0.12268
 0.490 0.12274
 0.500 0.12279
 0.510 0.12284
 0.520 0.12289
 0.530 0.12293
 0.540 0.12296
 0.550 0.12299
 0.560 0.12301
 0.570 0.12302
 0.580 0.12303
 0.590 0.12302
 0.600 0.12302
 0.610 0.12300
 0.620 0.12299
 0.630 0.12296
 0.640 0.12294
 0.650 0.12291
 0.660 0.12288
 0.670 0.12285
 0.680 0.12282
 0.690 0.12279
 0.700 0.12276
 0.710 0.12273
 0.720 0.12270
 0.730 0.12268
 0.740 0.12265
 0.750 0.12263
 0.760 0.12261
 0.770 0.12259
 0.780 0.12257
 0.790 0.12255
 0.800 0.12253
 0.810 0.12251
 0.820 0.12249
 0.830 0.12246
 0.840 0.12244
 0.850 0.12241
 0.860 0.12239
 0.870 0.12236
 0.880 0.12234
 0.890 0.12232
 0.900 0.12230
 0.910 0.12228
 0.920 0.12226
 0.930 0.12224
 0.940 0.12222
 0.950 0.12221
 0.960 0.12219
 0.970 0.12217
 0.980 0.12216
 0.990 0.12213
 1.000 0.12211
 1.010 0.12208
 1.020 0.12205
 1.030 0.12201
 1.040 0.12196
 1.050 0.12191
 1.060 0.12185
 1.070 0.12179
 1.080 0.12172
 1.090 0.12165
 1.100 0.12157
 1.110 0.12149
 1.120 0.12141
 1.130 0.12133
 1.140 0.12124
 1.150 0.12116
 1.160 0.12108
 1.170 0.12100
 1.180 0.12092
 1.190 0.12084
 1.200 0.12077
 1.210 0.12070
 1.220 0.12063
 1.230 0.12057
 1.240 0.12050
 1.250 0.12044
 1.260 0.12038
 1.270 0.12032
 1.280 0.12025
 1.290 0.12019
 1.300 0.12013
 1.310 0.12007
 1.320 0.12000
 1.330 0.11994
 1.340 0.11987
 1.350 0.11980
 1.360 0.11973
 1.370 0.11965
 1.380 0.11958
 1.390 0.11950
 1.400 0.11942
 1.410 0.11935
 1.420 0.11927
 1.430 0.11919
 1.440 0.11911
 1.450 0.11903
 1.460 0.11896
 1.470 0.11889
 1.480 0.11882
 1.490 0.11875
 1.500 0.11869
 1.510 0.11863
 1.520 0.11858
 1.530 0.11853
 1.540 0.11849
 1.550 0.11846
 1.560 0.11843
 1.570 0.11841
 1.580 0.11840
 1.590 0.11839
 1.600 0.11839
 1.610 0.11840
 1.620 0.11841
 1.630 0.11843
 1.640 0.11844
 1.650 0.11847
 1.660 0.11849
 1.670 0.11851
 1.680 0.11854
 1.690 0.11856
 1.700 0.11859
 1.710 0.11861
 1.720 0.11863
 1.730 0.11865
 1.740 0.11867
 1.750 0.11869
 1.760 0.11871
 1.770 0.11873
 1.780 0.11874
 1.790 0.11876
 1.800 0.11877
 1.810 0.11879
 1.820 0.11880
 1.830 0.11882
 1.840 0.11884
 1.850 0.11885
 1.860 0.11887
 1.870 0.11889
 1.880 0.11890
 1.890 0.11892
 1.900 0.11894
 1.910 0.11895
 1.920 0.11897
 1.930 0.11899
 1.940 0.11900
 1.950 0.11901
 1.960 0.11903
 1.970 0.11904
 1.980 0.11904
 1.990 0.11905
 2.000 0.11905
 2.010 0.11904
 2.020 0.11904
 2.030 0.11902
 2.040 0.11901
 2.050 0.11898
 2.060 0.11895
 2.070 0.11892
 2.080 0.11888
 2.090 0.11883
 2.100 0.11878
 2.110 0.11873
 2.120 0.11867
 2.130 0.11861
 2.140 0.11854
 2.150 0.11848
 2.160 0.11841
 2.170 0.11834
 2.180 0.11828
 2.190 0.11822
 2.200 0.11816
 2.210 0.11811
 2.220 0.11806
 2.230 0.11803
 2.240 0.11800
 2.250 0.11797
 2.260 0.11796
 2.270 0.11796
 2.280 0.11796
 2.290 0.11796
 2.300 0.11798
 2.310 0.11800
 2.320 0.11802
 2.330 0.11804
 2.340 0.11806
 2.350 0.11809
 2.360 0.11811
 2.370 0.11813
 2.380 0.11814
 2.390 0.11815
 2.400 0.11816
 2.410 0.11816
 2.420 0.11816
 2.430 0.11815
 2.440 0.11813
 2.450 0.11812
 2.460 0.11810
 2.470 0.11808
 2.480 0.11806
 2.490 0.11803
 2.500 0.11801
 2.510 0.11798
 2.520 0.11796
 2.530 0.11794
 2.540 0.11792
 2.550 0.11790
 2.560 0.11788
 2.570 0.11786
 2.580 0.11785
 2.590 0.11784
 2.600 0.11782
 2.610 0.11781
 2.620 0.11780
 2.630 0.11779
 2.640 0.11777
 2.650 0.11776
 2.660 0.11774
 2.670 0.11772
 2.680 0.11770
 2.690 0.11767
 2.700 0.11765
 2.710 0.11762
 2.720 0.11758
 2.730 0.11755
 2.740 0.11751
 2.750 0.11748
 2.760 0.11744
 2.770 0.11740
 2.780 0.11736
 2.790 0.11732
 2.800 0.11728
 2.810 0.11724
 2.820 0.11720
 2.830 0.11717
 2.840 0.11714
 2.850 0.11711
 2.860 0.11710
 2.870 0.11709
 2.880 0.11708
 2.890 0.11709
 2.900 0.11711
 2.910 0.11714
 2.920 0.11717
 2.930 0.11722
 2.940 0.11728
 2.950 0.11734
 2.960 0.11741
 2.970 0.11748
 2.980 0.11756
 2.990 0.11763
 3.000 0.11770
 3.010 0.11778
 3.020 0.11785
 3.030 0.11792
 3.040 0.11798
 3.050 0.11805
 3.060 0.11811
 3.070 0.11817
 3.080 0.11822
 3.090 0.11827
 3.100 0.11832
 3.110 0.11837
 3.120 0.11840
 3.130 0.11844
 3.140 0.11847
 3.150 0.11849
 3.160 0.11851
 3.170 0.11852
 3.180 0.11853
 3.190 0.11853
 3.200 0.11852
 3.210 0.11851
 3.220 0.11849
 3.230 0.11846
 3.240 0.11843
 3.250 0.11838
 3.260 0.11833
 3.270 0.11827
 3.280 0.11821
 3.290 0.11813
 3.300 0.11805
 3.310 0.11796
 3.320 0.11787
 3.330 0.11777
 3.340 0.11767
 3.350 0.11757
 3.360 0.11746
 3.370 0.11735
 3.380 0.11724
 3.390 0.11713
 3.400 0.11702
 3.410 0.11691
 3.420 0.11679
 3.430 0.11668
 3.440 0.11658
 3.450 0.11647
 3.460 0.11637
 3.470 0.11627
 3.480 0.11617
 3.490 0.11608
 3.500 0.11599
 3.510 0.11590
 3.520 0.11582
 3.530 0.11573
 3.540 0.11566
 3.550 0.11559
 3.560 0.11552
 3.570 0.11545
 3.580 0.11539
 3.590 0.11534
 3.600 0.11529
 3.610 0.11524
 3.620 0.11520
 3.630 0.11516
 3.640 0.11513
 3.650 0.11510
 3.660 0.11507
 3.670 0.11505
 3.680 0.11504
 3.690 0.11503
 3.700 0.11502
 3.710 0.11502
 3.720 0.11502
 3.730 0.11502
 3.740 0.11503
 3.750 0.11504
 3.760 0.11505
 3.770 0.11505
 3.780 0.11506
 3.790 0.11507
 3.800 0.11507
 3.810 0.11507
 3.820 0.11507
 3.830 0.11506
 3.840 0.11505
 3.850 0.11504
 3.860 0.11503
 3.870 0.11501
 3.880 0.11498
 3.890 0.11496
 3.900 0.11493
 3.910 0.11489
 3.920 0.11486
 3.930 0.11482
 3.940 0.11478
 3.950 0.11474
 3.960 0.11469
 3.970 0.11464
 3.980 0.11459
 3.990 0.11454
 4.000 0.11449
 4.010 0.11444
 4.020 0.11439
 4.030 0.11434
 4.040 0.11429
 4.050 0.11424
 4.060 0.11419
 4.070 0.11414
 4.080 0.11408
 4.090 0.11403
 4.100 0.11398
 4.110 0.11393
 4.120 0.11387
 4.130 0.11382
 4.140 0.11377
 4.150 0.11372
 4.160 0.11367
 4.170 0.11363
 4.180 0.11359
 4.190 0.11355
 4.200 0.11352
 4.210 0.11349
 4.220 0.11346
 4.230 0.11344
 4.240 0.11341
 4.250 0.11339
 4.260 0.11337
 4.270 0.11335
 4.280 0.11333
 4.290 0.11331
 4.300 0.11330
 4.310 0.11328
 4.320 0.11327
 4.330 0.11326
 4.340 0.11325
 4.350 0.11324
 4.360 0.11323
 4.370 0.11323
 4.380 0.11322
 4.390 0.11322
 4.400 0.11321
 4.410 0.11321
 4.420 0.11320
 4.430 0.11319
 4.440 0.11319
 4.450 0.11317
 4.460 0.11316
 4.470 0.11315
 4.480 0.11313
 4.490 0.11311
 4.500 0.11309
 4.510 0.11307
 4.520 0.11305
 4.530 0.11304
 4.540 0.11302
 4.550 0.11301
 4.560 0.11301
 4.570 0.11301
 4.580 0.11301
 4.590 0.11303
 4.600 0.11304
 4.610 0.11306
 4.620 0.11308
 4.630 0.11311
 4.640 0.11314
 4.650 0.11317
 4.660 0.11320
 4.670 0.11323
 4.680 0.11327
 4.690 0.11330
 4.700 0.11334
 4.710 0.11337
 4.720 0.11340
 4.730 0.11343
 4.740 0.11346
 4.750 0.11349
 4.760 0.11351
 4.770 0.11354
 4.780 0.11357
 4.790 0.11359
 4.800 0.11362
 4.810 0.11364
 4.820 0.11367
 4.830 0.11369
 4.840 0.11372
 4.850 0.11374
 4.860 0.11377
 4.870 0.11380
 4.880 0.11384
 4.890 0.11387
 4.900 0.11391
 4.910 0.11395
 4.920 0.11399
 4.930 0.11403
 4.940 0.11407
 4.950 0.11411
 4.960 0.11415
 4.970 0.11419
 4.980 0.11423
 4.990 0.11426
 5.000 0.11429
 5.010 0.11432
 5.020 0.11435
 5.030 0.11437
 5.040 0.11439
 5.050 0.11440
 5.060 0.11441
 5.070 0.11442
 5.080 0.11443
 5.090 0.11443
 5.100 0.11443
 5.110 0.11443
 5.120 0.11443
 5.130 0.11443
 5.140 0.11442
 5.150 0.11442
 5.160 0.11441
 5.170 0.11440
 5.180 0.11439
 5.190 0.11438
 5.200 0.11437
 5.210 0.11435
 5.220 0.11433
 5.230 0.11431
 5.240 0.11429
 5.250 0.11426
 5.260 0.11422
 5.270 0.11419
 5.280 0.11415
 5.290 0.11411
 5.300 0.11407
 5.310 0.11402
 5.320 0.11398
 5.330 0.11393
 5.340 0.11388
 5.350 0.11382
 5.360 0.11377
 5.370 0.11371
 5.380 0.11365
 5.390 0.11359
 5.400 0.11353
 5.410 0.11347
 5.420 0.11341
 5.430 0.11335
 5.440 0.11329
 5.450 0.11323
 5.460 0.11318
 5.470 0.11313
 5.480 0.11308
 5.490 0.11304
 5.500 0.11300
 5.510 0.11296
 5.520 0.11293
 5.530 0.11290
 5.540 0.11288
 5.550 0.11287
 5.560 0.11285
 5.570 0.11284
 5.580 0.11284
 5.590 0.11283
 5.600 0.11283
