 0.000 -0.44030
 0.010 -0.44031
 0.020 -0.44033
 0.030 -0.44036
 0.040 -0.44040
 0.050 -0.44045
 0.060 -0.44051
 0.070 -0.44057
 0.080 -0.44064
 0.090 -0.44072
 0.100 -0.44080
 0.110 -0.44089
 0.120 -0.44098
 0.130 -0.44107
 0.140 -0.44116
 0.150 -0.44125
 0.160 -0.44133
 0.170 -0.44141
 0.180 -0.44148
 0.190 -0.44154
 0.200 -0.44160
 0.210 -0.44164
 0.220 -0.44168
 0.230 -0.44170
 0.240 -0.44171
 0.250 -0.44172
 0.260 -0.44171
 0.270 -0.44170
 0.280 -0.44168
 0.290 -0.44166
 0.300 -0.44163
 0.310 -0.44161
 0.320 -0.44158
 0.330 -0.44156
 0.340 -0.44155
 0.350 -0.44154
 0.360 -0.44153
 0.370 -0.44154
 0.380 -0.44154
 0.390 -0.44156
 0.400 -0.44158
 0.410 -0.44160
 0.420 -0.44162
 0.430 -0.44164
 0.440 -0.44166
 0.450 -0.44168
 0.460 -0.44169
 0.470 -0.44170
 0.480 -0.44170
 0.490 -0.44169
 0.500 -0.44169
 0.510 -0.44167
 0.520 -0.44166
 0.530 -0.44163
 0.540 -0.44161
 0.550 -0.44158
 0.560 -0.44155
 0.570 -0.44152
 0.580 -0.44148
 0.590 -0.44144
 0.600 -0.44141
 0.610 -0.44137
 0.620 -0.44133
 0.630 -0.44130
 0.640 -0.44126
 0.650 -0.44123
 0.660 -0.44120
 0.670 -0.44116
 0.680 -0.44113
 0.690 -0.44110
 0.700 -0.44108
 0.710 -0.44105
 0.720 -0.44103
 0.730 -0.44102
 0.740 -0.44101
 0.750 -0.44100
 0.760 -0.44100
 0.770 -0.44100
 0.780 -0.44100
 0.790 -0.44101
 0.800 -0.44102
 0.810 -0.44103
 0.820 -0.44104
 0.830 -0.44105
 0.840 -0.44106
 0.850 -0.44107
 0.860 -0.44108
 0.870 -0.44108
 0.880 -0.44107
 0.890 -0.44106
 0.900 -0.44104
 0.910 -0.44101
 0.920 -0.44098
 0.930 -0.44094
 0.940 -0.44089
 0.950 -0.44085
 0.960 -0.44080
 0.970 -0.44075
 0.980 -0.44071
 0.990 -0.44067
 1.000 -0.44064
 1.010 -0.44063
 1.020 -0.44062
 1.030 -0.44062
 1.040 -0.44063
 1.050 -0.44065
 1.060 -0.44068
 1.070 -0.44072
 1.080 -0.44077
 1.090 -0.44082
 1.100 -0.44087
 1.110 -0.44093
 1.120 -0.44099
 1.130 -0.44104
 1.140 -0.44110
 1.150 -0.44115
 1.160 -0.44120
 1.170 -0.44124
 1.180 -0.44128
 1.190 -0.44131
 1.200 -0.44134
 1.210 -0.44136
 1.220 -0.44137
 1.230 -0.44138
 1.240 -0.44138
 1.250 -0.44138
 1.260 -0.44136
 1.270 -0.44135
 1.280 -0.44132
 1.290 -0.44129
 1.300 -0.44124
 1.310 -0.44119
 1.320 -0.44113
 1.330 -0.44107
 1.340 -0.44100
 1.350 -0.44093
 1.360 -0.44086
 1.370 -0.44079
 1.380 -0.44072
 1.390 -0.44066
 1.400 -0.44061
 1.410 -0.44056
 1.420 -0.44052
 1.430 -0.44049
 1.440 -0.44046
 1.450 -0.44045
 1.460 -0.44044
 1.470 -0.44044
 1.480 -0.44045
 1.490 -0.44047
 1.500 -0.44050
 1.510 -0.44053
 1.520 -0.44057
 1.530 -0.44061
 1.540 -0.44066
 1.550 -0.44071
 1.560 -0.44077
 1.570 -0.44084
 1.580 -0.44090
 1.590 -0.44097
 1.600 -0.44105
 1.610 -0.44112
 1.620 -0.44120
 1.630 -0.44128
 1.640 -0.44136
 1.650 -0.44144
 1.660 -0.44152
 1.670 -0.44160
 1.680 -0.44168
 1.690 -0.44175
 1.700 -0.44182
 1.710 -0.44188
 1.720 -0.44194
 1.730 -0.44198
 1.740 -0.44202
 1.750 -0.44205
 1.760 -0.44208
 1.770 -0.44209
 1.780 -0.44210
 1.790 -0.44211
 1.800 -0.44211
 1.810 -0.44211
 1.820 -0.44212
 1.830 -0.44213
 1.840 -0.44214
 1.850 -0.44215
 1.860 -0.44217
 1.870 -0.44219
 1.880 -0.44221
 1.890 -0.44223
 1.900 -0.44225
 1.910 -0.44226
 1.920 -0.44228
 1.930 -0.44230
 1.940 -0.44232
 1.950 -0.44234
 1.960 -0.44237
 1.970 -0.44240
 1.980 -0.44243
 1.990 -0.44248
 2.000 -0.44253
 2.010 -0.44259
 2.020 -0.44266
 2.030 -0.44274
 2.040 -0.44282
 2.050 -0.44291
 2.060 -0.44300
 2.070 -0.44310
 2.080 -0.44321
 2.090 -0.44331
 2.100 -0.44341
 2.110 -0.44352
 2.120 -0.44362
 2.130 -0.44373
 2.140 -0.44382
 2.150 -0.44392
 2.160 -0.44401
 2.170 -0.44410
 2.180 -0.44419
 2.190 -0.44427
 2.200 -0.44435
 2.210 -0.44442
 2.220 -0.44448
 2.230 -0.44454
 2.240 -0.44459
 2.250 -0.44463
 2.260 -0.44467
 2.270 -0.44470
 2.280 -0.44473
 2.290 -0.44476
 2.300 -0.44479
 2.310 -0.44481
 2.320 -0.44483
 2.330 -0.44485
 2.340 -0.44487
 2.350 -0.44489
 2.360 -0.44491
 2.370 -0.44493
 2.380 -0.44495
 2.390 -0.44498
 2.400 -0.44500
 2.410 -0.44502
 2.420 -0.44505
 2.430 -0.44508
 2.440 -0.44510
 2.450 -0.44513
 2.460 -0.44516
 2.470 -0.44518
 2.480 -0.44521
 2.490 -0.44523
 2.500 -0.44525
 2.510 -0.44527
 2.520 -0.44529
 2.530 -0.44531
 2.540 -0.44533
 2.550 -0.44534
 2.560 -0.44535
 2.570 -0.44536
 2.580 -0.44537
 2.590 -0.44539
 2.600 -0.44540
 2.610 -0.44542
 2.620 -0.44544
 2.630 -0.44547
 2.640 -0.44550
 2.650 -0.44554
 2.660 -0.44558
 2.670 -0.44563
 2.680 -0.44568
 2.690 -0.44574
 2.700 -0.44580
 2.710 -0.44586
 2.720 -0.44593
 2.730 -0.44600
 2.740 -0.44607
 2.750 -0.44614
 2.760 -0.44622
 2.770 -0.44629
 2.780 -0.44637
 2.790 -0.44645
 2.800 -0.44652
 2.810 -0.44659
 2.820 -0.44665
 2.830 -0.44671
 2.840 -0.44676
 2.850 -0.44680
 2.860 -0.44684
 2.870 -0.44687
 2.880 -0.44689
 2.890 -0.44691
 2.900 -0.44692
 2.910 -0.44692
 2.920 -0.44692
 2.930 -0.44691
 2.940 -0.44690
 2.950 -0.44688
 2.960 -0.44685
 2.970 -0.44682
 2.980 -0.44679
 2.990 -0.44675
 3.000 -0.44671
 3.010 -0.44667
 3.020 -0.44662
 3.030 -0.44657
 3.040 -0.44652
 3.050 -0.44646
 3.060 -0.44640
 3.070 -0.44634
 3.080 -0.44628
 3.090 -0.44621
 3.100 -0.44615
 3.110 -0.44608
 3.120 -0.44602
 3.130 -0.44596
 3.140 -0.44590
 3.150 -0.44585
 3.160 -0.44579
 3.170 -0.44575
 3.180 -0.44570
 3.190 -0.44567
 3.200 -0.44563
 3.210 -0.44560
 3.220 -0.44557
 3.230 -0.44555
 3.240 -0.44553
 3.250 -0.44552
 3.260 -0.44551
 3.270 -0.44551
 3.280 -0.44551
 3.290 -0.44553
 3.300 -0.44556
 3.310 -0.44560
 3.320 -0.44564
 3.330 -0.44570
 3.340 -0.44577
 3.350 -0.44585
 3.360 -0.44594
 3.370 -0.44604
 3.380 -0.44614
 3.390 -0.44625
 3.400 -0.44636
 3.410 -0.44648
 3.420 -0.44659
 3.430 -0.44671
 3.440 -0.44681
 3.450 -0.44691
 3.460 -0.44701
 3.470 -0.44709
 3.480 -0.44716
 3.490 -0.44722
 3.500 -0.44726
 3.510 -0.44730
 3.520 -0.44732
 3.530 -0.44732
 3.540 -0.44731
 3.550 -0.44730
 3.560 -0.44727
 3.570 -0.44724
 3.580 -0.44721
 3.590 -0.44718
 3.600 -0.44715
 3.610 -0.44712
 3.620 -0.44709
 3.630 -0.44706
 3.640 -0.44704
 3.650 -0.44703
 3.660 -0.44701
 3.670 -0.44700
 3.680 -0.44700
 3.690 -0.44699
 3.700 -0.44699
 3.710 -0.44699
 3.720 -0.44699
 3.730 -0.44699
 3.740 -0.44699
 3.750 -0.44699
 3.760 -0.44699
 3.770 -0.44699
 3.780 -0.44700
 3.790 -0.44700
 3.800 -0.44699
 3.810 -0.44699
 3.820 -0.44698
 3.830 -0.44697
 3.840 -0.44695
 3.850 -0.44693
 3.860 -0.44690
 3.870 -0.44685
 3.880 -0.44680
 3.890 -0.44673
 3.900 -0.44666
 3.910 -0.44657
 3.920 -0.44647
 3.930 -0.44637
 3.940 -0.44625
 3.950 -0.44614
 3.960 -0.44602
 3.970 -0.44591
 3.980 -0.44580
 3.990 -0.44569
 4.000 -0.44560
 4.010 -0.44551
 4.020 -0.44543
 4.030 -0.44536
 4.040 -0.44531
 4.050 -0.44526
 4.060 -0.44523
 4.070 -0.44522
 4.080 -0.44521
 4.090 -0.44522
 4.100 -0.44524
 4.110 -0.44527
 4.120 -0.44532
 4.130 -0.44537
 4.140 -0.44543
 4.150 -0.44549
 4.160 -0.44556
 4.170 -0.44563
 4.180 -0.44571
 4.190 -0.44577
 4.200 -0.44584
 4.210 -0.44590
 4.220 -0.44595
 4.230 -0.44600
 4.240 -0.44604
 4.250 -0.44607
 4.260 -0.44610
 4.270 -0.44611
 4.280 -0.44612
 4.290 -0.44612
 4.300 -0.44611
 4.310 -0.44610
 4.320 -0.44608
 4.330 -0.44606
 4.340 -0.44603
 4.350 -0.44600
 4.360 -0.44596
 4.370 -0.44593
 4.380 -0.44590
 4.390 -0.44587
 4.400 -0.44584
 4.410 -0.44581
 4.420 -0.44579
 4.430 -0.44577
 4.440 -0.44576
 4.450 -0.44575
 4.460 -0.44575
 4.470 -0.44576
 4.480 -0.44578
 4.490 -0.44580
 4.500 -0.44584
 4.510 -0.44587
 4.520 -0.44592
 4.530 -0.44597
 4.540 -0.44603
 4.550 -0.44609
 4.560 -0.44616
 4.570 -0.44623
 4.580 -0.44630
 4.590 -0.44638
 4.600 -0.44645
 4.610 -0.44653
 4.620 -0.44660
 4.630 -0.44668
 4.640 -0.44675
 4.650 -0.44681
 4.660 -0.44688
 4.670 -0.44694
 4.680 -0.44699
 4.690 -0.44704
 4.700 -0.44709
 4.710 -0.44713
 4.720 -0.44717
 4.730 -0.44721
 4.740 -0.44724
 4.750 -0.44727
 4.760 -0.44729
 4.770 -0.44732
 4.780 -0.44734
 4.790 -0.44736
 4.800 -0.44738
 4.810 -0.44740
 4.820 -0.44742
 4.830 -0.44744
 4.840 -0.44747
 4.850 -0.44750
 4.860 -0.44754
 4.870 -0.44758
 4.880 -0.44763
 4.890 -0.44769
 4.900 -0.44776
 4.910 -0.44785
 4.920 -0.44794
 4.930 -0.44804
 4.940 -0.44815
 4.950 -0.44827
 4.960 -0.44840
 4.970 -0.44854
 4.980 -0.44868
 4.990 -0.44883
 5.000 -0.44898
 5.010 -0.44912
 5.020 -0.44927
 5.030 -0.44941
 5.040 -0.44955
 5.050 -0.44968
 5.060 -0.44980
 5.070 -0.44990
 5.080 -0.45000
 5.090 -0.45008
 5.100 -0.45015
 5.110 -0.45020
 5.120 -0.45023
 5.130 -0.45025
 5.140 -0.45026
 5.150 -0.45026
 5.160 -0.45024
 5.170 -0.45021
 5.180 -0.45018
 5.190 -0.45014
 5.200 -0.45009
 5.210 -0.45005
 5.220 -0.45001
 5.230 -0.44998
 5.240 -0.44996
 5.250 -0.44995
 5.260 -0.44995
 5.270 -0.44997
 5.280 -0.45001
 5.290 -0.45006
 5.300 -0.45012
 5.310 -0.45019
 5.320 -0.45026
 5.330 -0.45035
 5.340 -0.45043
 5.350 -0.45052
 5.360 -0.45060
 5.370 -0.45069
 5.380 -0.45077
 5.390 -0.45085
 5.400 -0.45092
 5.410 -0.45098
 5.420 -0.45104
 5.430 -0.45108
 5.440 -0.45112
 5.450 -0.45115
 5.460 -0.45117
 5.470 -0.45117
 5.480 -0.45117
 5.490 -0.45115
 5.500 -0.45113
 5.510 -0.45109
 5.520 -0.45104
 5.530 -0.45099
 5.540 -0.45092
 5.550 -0.45085
 5.560 -0.45078
 5.570 -0.45070
 5.580 -0.45062
 5.590 -0.45053
 5.600 -0.45044
