 0.000 -0.37508
 0.010 -0.37505
 0.020 -0.37502
 0.030 -0.37496
 0.040 -0.37489
 0.050 -0.37480
 0.060 -0.37470
 0.070 -0.37457
 0.080 -0.37442
 0.090 -0.37426
 0.100 -0.37409
 0.110 -0.37391
 0.120 -0.37373
 0.130 -0.37356
 0.140 -0.37339
 0.150 -0.37322
 0.160 -0.37307
 0.170 -0.37294
 0.180 -0.37282
 0.190 -0.37273
 0.200 -0.37266
 0.210 -0.37263
 0.220 -0.37261
 0.230 -0.37263
 0.240 -0.37267
 0.250 -0.37272
 0.260 -0.37279
 0.270 -0.37288
 0.280 -0.37298
 0.290 -0.37309
 0.300 -0.37320
 0.310 -0.37332
 0.320 -0.37344
 0.330 -0.37355
 0.340 -0.37365
 0.350 -0.37374
 0.360 -0.37382
 0.370 -0.37388
 0.380 -0.37393
 0.390 -0.37396
 0.400 -0.37398
 0.410 -0.37397
 0.420 -0.37395
 0.430 -0.37391
 0.440 -0.37386
 0.450 -0.37378
 0.460 -0.37369
 0.470 -0.37359
 0.480 -0.37346
 0.490 -0.37332
 0.500 -0.37317
 0.510 -0.37300
 0.520 -0.37282
 0.530 -0.37264
 0.540 -0.37244
 0.550 -0.37225
 0.560 -0.37205
 0.570 -0.37186
 0.580 -0.37167
 0.590 -0.37150
 0.600 -0.37135
 0.610 -0.37122
 0.620 -0.37111
 0.630 -0.37102
 0.640 -0.37096
 0.650 -0.37093
 0.660 -0.37092
 0.670 -0.37093
 0.680 -0.37096
 0.690 -0.37102
 0.700 -0.37111
 0.710 -0.37121
 0.720 -0.37134
 0.730 -0.37148
 0.740 -0.37163
 0.750 -0.37179
 0.760 -0.37196
 0.770 -0.37213
 0.780 -0.37229
 0.790 -0.37245
 0.800 -0.37259
 0.810 -0.37272
 0.820 -0.37284
 0.830 -0.37294
 0.840 -0.37302
 0.850 -0.37309
 0.860 -0.37314
 0.870 -0.37319
 0.880 -0.37322
 0.890 -0.37325
 0.900 -0.37328
 0.910 -0.37332
 0.920 -0.37335
 0.930 -0.37339
 0.940 -0.37343
 0.950 -0.37346
 0.960 -0.37350
 0.970 -0.37353
 0.980 -0.37355
 0.990 -0.37357
 1.000 -0.37357
 1.010 -0.37356
 1.020 -0.37353
 1.030 -0.37349
 1.040 -0.37343
 1.050 -0.37336
 1.060 -0.37328
 1.070 -0.37319
 1.080 -0.37309
 1.090 -0.37298
 1.100 -0.37286
 1.110 -0.37274
 1.120 -0.37262
 1.130 -0.37250
 1.140 -0.37238
 1.150 -0.37226
 1.160 -0.37213
 1.170 -0.37201
 1.180 -0.37189
 1.190 -0.37178
 1.200 -0.37166
 1.210 -0.37156
 1.220 -0.37147
 1.230 -0.37139
 1.240 -0.37133
 1.250 -0.37128
 1.260 -0.37124
 1.270 -0.37122
 1.280 -0.37121
 1.290 -0.37120
 1.300 -0.37121
 1.310 -0.37122
 1.320 -0.37123
 1.330 -0.37125
 1.340 -0.37127
 1.350 -0.37130
 1.360 -0.37133
 1.370 -0.37136
 1.380 -0.37140
 1.390 -0.37145
 1.400 -0.37150
 1.410 -0.37156
 1.420 -0.37163
 1.430 -0.37170
 1.440 -0.37177
 1.450 -0.37184
 1.460 -0.37191
 1.470 -0.37198
 1.480 -0.37204
 1.490 -0.37208
 1.500 -0.37211
 1.510 -0.37212
 1.520 -0.37211
 1.530 -0.37208
 1.540 -0.37202
 1.550 -0.37195
 1.560 -0.37185
 1.570 -0.37174
 1.580 -0.37161
 1.590 -0.37145
 1.600 -0.37128
 1.610 -0.37109
 1.620 -0.37088
 1.630 -0.37066
 1.640 -0.37043
 1.650 -0.37020
 1.660 -0.36998
 1.670 -0.36976
 1.680 -0.36955
 1.690 -0.36936
 1.700 -0.36919
 1.710 -0.36904
 1.720 -0.36891
 1.730 -0.36880
 1.740 -0.36872
 1.750 -0.36866
 1.760 -0.36862
 1.770 -0.36860
 1.780 -0.36860
 1.790 -0.36861
 1.800 -0.36864
 1.810 -0.36869
 1.820 -0.36876
 1.830 -0.36883
 1.840 -0.36892
 1.850 -0.36902
 1.860 -0.36913
 1.870 -0.36924
 1.880 -0.36935
 1.890 -0.36947
 1.900 -0.36959
 1.910 -0.36971
 1.920 -0.36983
 1.930 -0.36994
 1.940 -0.37004
 1.950 -0.37012
 1.960 -0.37020
 1.970 -0.37026
 1.980 -0.37030
 1.990 -0.37033
 2.000 -0.37034
 2.010 -0.37034
 2.020 -0.37032
 2.030 -0.37028
 2.040 -0.37023
 2.050 -0.37016
 2.060 -0.37008
 2.070 -0.36998
 2.080 -0.36986
 2.090 -0.36974
 2.100 -0.36961
 2.110 -0.36949
 2.120 -0.36936
 2.130 -0.36925
 2.140 -0.36915
 2.150 -0.36906
 2.160 -0.36899
 2.170 -0.36895
 2.180 -0.36892
 2.190 -0.36892
 2.200 -0.36893
 2.210 -0.36897
 2.220 -0.36901
 2.230 -0.36907
 2.240 -0.36915
 2.250 -0.36923
 2.260 -0.36932
 2.270 -0.36943
 2.280 -0.36954
 2.290 -0.36965
 2.300 -0.36976
 2.310 -0.36988
 2.320 -0.36999
 2.330 -0.37009
 2.340 -0.37019
 2.350 -0.37028
 2.360 -0.37036
 2.370 -0.37043
 2.380 -0.37049
 2.390 -0.37053
 2.400 -0.37057
 2.410 -0.37059
 2.420 -0.37059
 2.430 -0.37058
 2.440 -0.37056
 2.450 -0.37052
 2.460 -0.37047
 2.470 -0.37042
 2.480 -0.37035
 2.490 -0.37028
 2.500 -0.37020
 2.510 -0.37012
 2.520 -0.37004
 2.530 -0.36996
 2.540 -0.36990
 2.550 -0.36984
 2.560 -0.36981
 2.570 -0.36981
 2.580 -0.36982
 2.590 -0.36986
 2.600 -0.36993
 2.610 -0.37001
 2.620 -0.37012
 2.630 -0.37024
 2.640 -0.37037
 2.650 -0.37051
 2.660 -0.37066
 2.670 -0.37081
 2.680 -0.37097
 2.690 -0.37112
 2.700 -0.37127
 2.710 -0.37141
 2.720 -0.37155
 2.730 -0.37169
 2.740 -0.37182
 2.750 -0.37195
 2.760 -0.37206
 2.770 -0.37217
 2.780 -0.37225
 2.790 -0.37232
 2.800 -0.37238
 2.810 -0.37240
 2.820 -0.37241
 2.830 -0.37240
 2.840 -0.37236
 2.850 -0.37230
 2.860 -0.37223
 2.870 -0.37216
 2.880 -0.37208
 2.890 -0.37200
 2.900 -0.37193
 2.910 -0.37186
 2.920 -0.37181
 2.930 -0.37176
 2.940 -0.37173
 2.950 -0.37171
 2.960 -0.37171
 2.970 -0.37172
 2.980 -0.37174
 2.990 -0.37178
 3.000 -0.37182
 3.010 -0.37188
 3.020 -0.37194
 3.030 -0.37201
 3.040 -0.37207
 3.050 -0.37214
 3.060 -0.37220
 3.070 -0.37227
 3.080 -0.37234
 3.090 -0.37240
 3.100 -0.37247
 3.110 -0.37254
 3.120 -0.37261
 3.130 -0.37268
 3.140 -0.37275
 3.150 -0.37283
 3.160 -0.37291
 3.170 -0.37299
 3.180 -0.37308
 3.190 -0.37316
 3.200 -0.37325
 3.210 -0.37333
 3.220 -0.37341
 3.230 -0.37349
 3.240 -0.37356
 3.250 -0.37364
 3.260 -0.37371
 3.270 -0.37379
 3.280 -0.37387
 3.290 -0.37396
 3.300 -0.37407
 3.310 -0.37419
 3.320 -0.37432
 3.330 -0.37446
 3.340 -0.37461
 3.350 -0.37477
 3.360 -0.37494
 3.370 -0.37510
 3.380 -0.37527
 3.390 -0.37542
 3.400 -0.37557
 3.410 -0.37570
 3.420 -0.37581
 3.430 -0.37589
 3.440 -0.37596
 3.450 -0.37600
 3.460 -0.37601
 3.470 -0.37600
 3.480 -0.37597
 3.490 -0.37592
 3.500 -0.37585
 3.510 -0.37577
 3.520 -0.37569
 3.530 -0.37560
 3.540 -0.37550
 3.550 -0.37540
 3.560 -0.37530
 3.570 -0.37520
 3.580 -0.37511
 3.590 -0.37501
 3.600 -0.37492
 3.610 -0.37484
 3.620 -0.37475
 3.630 -0.37467
 3.640 -0.37460
 3.650 -0.37452
 3.660 -0.37444
 3.670 -0.37436
 3.680 -0.37428
 3.690 -0.37420
 3.700 -0.37412
 3.710 -0.37403
 3.720 -0.37394
 3.730 -0.37385
 3.740 -0.37375
 3.750 -0.37366
 3.760 -0.37356
 3.770 -0.37347
 3.780 -0.37337
 3.790 -0.37328
 3.800 -0.37319
 3.810 -0.37311
 3.820 -0.37303
 3.830 -0.37296
 3.840 -0.37289
 3.850 -0.37284
 3.860 -0.37279
 3.870 -0.37275
 3.880 -0.37271
 3.890 -0.37268
 3.900 -0.37266
 3.910 -0.37263
 3.920 -0.37262
 3.930 -0.37260
 3.940 -0.37259
 3.950 -0.37258
 3.960 -0.37258
 3.970 -0.37259
 3.980 -0.37261
 3.990 -0.37263
 4.000 -0.37266
 4.010 -0.37271
 4.020 -0.37276
 4.030 -0.37282
 4.040 -0.37289
 4.050 -0.37298
 4.060 -0.37307
 4.070 -0.37317
 4.080 -0.37328
 4.090 -0.37340
 4.100 -0.37352
 4.110 -0.37364
 4.120 -0.37376
 4.130 -0.37388
 4.140 -0.37400
 4.150 -0.37411
 4.160 -0.37421
 4.170 -0.37431
 4.180 -0.37440
 4.190 -0.37448
 4.200 -0.37455
 4.210 -0.37463
 4.220 -0.37470
 4.230 -0.37476
 4.240 -0.37483
 4.250 -0.37488
 4.260 -0.37494
 4.270 -0.37498
 4.280 -0.37502
 4.290 -0.37505
 4.300 -0.37507
 4.310 -0.37508
 4.320 -0.37509
 4.330 -0.37510
 4.340 -0.37510
 4.350 -0.37509
 4.360 -0.37508
 4.370 -0.37507
 4.380 -0.37506
 4.390 -0.37504
 4.400 -0.37502
 4.410 -0.37500
 4.420 -0.37497
 4.430 -0.37493
 4.440 -0.37489
 4.450 -0.37484
 4.460 -0.37478
 4.470 -0.37472
 4.480 -0.37466
 4.490 -0.37459
 4.500 -0.37452
 4.510 -0.37445
 4.520 -0.37438
 4.530 -0.37431
 4.540 -0.37424
 4.550 -0.37417
 4.560 -0.37410
 4.570 -0.37403
 4.580 -0.37397
 4.590 -0.37390
 4.600 -0.37384
 4.610 -0.37377
 4.620 -0.37370
 4.630 -0.37363
 4.640 -0.37357
 4.650 -0.37350
 4.660 -0.37345
 4.670 -0.37339
 4.680 -0.37335
 4.690 -0.37331
 4.700 -0.37328
 4.710 -0.37325
 4.720 -0.37323
 4.730 -0.37322
 4.740 -0.37321
 4.750 -0.37321
 4.760 -0.37320
 4.770 -0.37321
 4.780 -0.37321
 4.790 -0.37322
 4.800 -0.37324
 4.810 -0.37326
 4.820 -0.37328
 4.830 -0.37331
 4.840 -0.37333
 4.850 -0.37336
 4.860 -0.37338
 4.870 -0.37341
 4.880 -0.37343
 4.890 -0.37346
 4.900 -0.37348
 4.910 -0.37351
 4.920 -0.37353
 4.930 -0.37355
 4.940 -0.37357
 4.950 -0.37359
 4.960 -0.37360
 4.970 -0.37361
 4.980 -0.37362
 4.990 -0.37364
 5.000 -0.37365
 5.010 -0.37366
 5.020 -0.37367
 5.030 -0.37369
 5.040 -0.37370
 5.050 -0.37372
 5.060 -0.37373
 5.070 -0.37374
 5.080 -0.37374
 5.090 -0.37374
 5.100 -0.37373
 5.110 -0.37371
 5.120 -0.37369
 5.130 -0.37365
 5.140 -0.37362
 5.150 -0.37357
 5.160 -0.37352
 5.170 -0.37346
 5.180 -0.37340
 5.190 -0.37334
 5.200 -0.37328
 5.210 -0.37321
 5.220 -0.37315
 5.230 -0.37308
 5.240 -0.37301
 5.250 -0.37294
 5.260 -0.37287
 5.270 -0.37281
 5.280 -0.37274
 5.290 -0.37267
 5.300 -0.37261
 5.310 -0.37255
 5.320 -0.37250
 5.330 -0.37245
 5.340 -0.37240
 5.350 -0.37235
 5.360 -0.37231
 5.370 -0.37227
 5.380 -0.37223
 5.390 -0.37219
 5.400 -0.37214
 5.410 -0.37209
 5.420 -0.37204
 5.430 -0.37198
 5.440 -0.37191
 5.450 -0.37184
 5.460 -0.37176
 5.470 -0.37168
 5.480 -0.37160
 5.490 -0.37152
 5.500 -0.37144
 5.510 -0.37137
 5.520 -0.37130
 5.530 -0.37124
 5.540 -0.37120
 5.550 -0.37117
 5.560 -0.37116
 5.570 -0.37116
 5.580 -0.37119
 5.590 -0.37123
 5.600 -0.37130
