 0.000 -1.40269
 0.010 -1.40266
 0.020 -1.40264
 0.030 -1.40261
 0.040 -1.40259
 0.050 -1.40257
 0.060 -1.40254
 0.070 -1.40252
 0.080 -1.40250
 0.090 -1.40248
 0.100 -1.40246
 0.110 -1.40244
 0.120 -1.40241
 0.130 -1.40239
 0.140 -1.40237
 0.150 -1.40235
 0.160 -1.40233
 0.170 -1.40230
 0.180 -1.40228
 0.190 -1.40226
 0.200 -1.40223
 0.210 -1.40221
 0.220 -1.40219
 0.230 -1.40217
 0.240 -1.40216
 0.250 -1.40214
 0.260 -1.40213
 0.270 -1.40212
 0.280 -1.40211
 0.290 -1.40210
 0.300 -1.40209
 0.310 -1.40209
 0.320 -1.40209
 0.330 -1.40209
 0.340 -1.40209
 0.350 -1.40209
 0.360 -1.40210
 0.370 -1.40211
 0.380 -1.40212
 0.390 -1.40213
 0.400 -1.40215
 0.410 -1.40217
 0.420 -1.40218
 0.430 -1.40220
 0.440 -1.40222
 0.450 -1.40224
 0.460 -1.40226
 0.470 -1.40227
 0.480 -1.40229
 0.490 -1.40231
 0.500 -1.40232
 0.510 -1.40233
 0.520 -1.40234
 0.530 -1.40235
 0.540 -1.40236
 0.550 -1.40236
 0.560 -1.40237
 0.570 -1.40237
 0.580 -1.40237
 0.590 -1.40237
 0.600 -1.40237
 0.610 -1.40237
 0.620 -1.40237
 0.630 -1.40237
 0.640 -1.40237
 0.650 -1.40237
 0.660 -1.40238
 0.670 -1.40238
 0.680 -1.40238
 0.690 -1.40238
 0.700 -1.40238
 0.710 -1.40238
 0.720 -1.40238
 0.730 -1.40238
 0.740 -1.40239
 0.750 -1.40239
 0.760 -1.40239
 0.770 -1.40240
 0.780 -1.40240
 0.790 -1.40241
 0.800 -1.40242
 0.810 -1.40243
 0.820 -1.40244
 0.830 -1.40245
 0.840 -1.40246
 0.850 -1.40247
 0.860 -1.40249
 0.870 -1.40250
 0.880 -1.40252
 0.890 -1.40254
 0.900 -1.40255
 0.910 -1.40257
 0.920 -1.40259
 0.930 -1.40261
 0.940 -1.40262
 0.950 -1.40264
 0.960 -1.40265
 0.970 -1.40266
 0.980 -1.40267
 0.990 -1.40267
 1.000 -1.40268
 1.010 -1.40268
 1.020 -1.40268
 1.030 -1.40267
 1.040 -1.40267
 1.050 -1.40266
 1.060 -1.40264
 1.070 -1.40263
 1.080 -1.40262
 1.090 -1.40260
 1.100 -1.40258
 1.110 -1.40257
 1.120 -1.40255
 1.130 -1.40253
 1.140 -1.40252
 1.150 -1.40250
 1.160 -1.40249
 1.170 -1.40247
 1.180 -1.40246
 1.190 -1.40245
 1.200 -1.40245
 1.210 -1.40244
 1.220 -1.40244
 1.230 -1.40244
 1.240 -1.40244
 1.250 -1.40244
 1.260 -1.40244
 1.270 -1.40245
 1.280 -1.40246
 1.290 -1.40247
 1.300 -1.40249
 1.310 -1.40250
 1.320 -1.40252
 1.330 -1.40254
 1.340 -1.40256
 1.350 -1.40258
 1.360 -1.40261
 1.370 -1.40263
 1.380 -1.40265
 1.390 -1.40268
 1.400 -1.40271
 1.410 -1.40274
 1.420 -1.40277
 1.430 -1.40280
 1.440 -1.40284
 1.450 -1.40288
 1.460 -1.40291
 1.470 -1.40295
 1.480 -1.40299
 1.490 -1.40304
 1.500 -1.40308
 1.510 -1.40312
 1.520 -1.40317
 1.530 -1.40321
 1.540 -1.40326
 1.550 -1.40330
 1.560 -1.40335
 1.570 -1.40340
 1.580 -1.40345
 1.590 -1.40350
 1.600 -1.40355
 1.610 -1.40360
 1.620 -1.40365
 1.630 -1.40371
 1.640 -1.40376
 1.650 -1.40382
 1.660 -1.40388
 1.670 -1.40393
 1.680 -1.40399
 1.690 -1.40404
 1.700 -1.40410
 1.710 -1.40415
 1.720 -1.40420
 1.730 -1.40425
 1.740 -1.40429
 1.750 -1.40434
 1.760 -1.40438
 1.770 -1.40441
 1.780 -1.40444
 1.790 -1.40447
 1.800 -1.40450
 1.810 -1.40452
 1.820 -1.40455
 1.830 -1.40457
 1.840 -1.40458
 1.850 -1.40460
 1.860 -1.40461
 1.870 -1.40463
 1.880 -1.40464
 1.890 -1.40465
 1.900 -1.40467
 1.910 -1.40468
 1.920 -1.40470
 1.930 -1.40472
 1.940 -1.40473
 1.950 -1.40475
 1.960 -1.40477
 1.970 -1.40479
 1.980 -1.40481
 1.990 -1.40483
 2.000 -1.40485
 2.010 -1.40487
 2.020 -1.40489
 2.030 -1.40491
 2.040 -1.40493
 2.050 -1.40495
 2.060 -1.40497
 2.070 -1.40499
 2.080 -1.40500
 2.090 -1.40501
 2.100 -1.40503
 2.110 -1.40504
 2.120 -1.40505
 2.130 -1.40506
 2.140 -1.40506
 2.150 -1.40507
 2.160 -1.40507
 2.170 -1.40508
 2.180 -1.40508
 2.190 -1.40508
 2.200 -1.40509
 2.210 -1.40509
 2.220 -1.40510
 2.230 -1.40511
 2.240 -1.40511
 2.250 -1.40512
 2.260 -1.40513
 2.270 -1.40514
 2.280 -1.40515
 2.290 -1.40517
 2.300 -1.40517
 2.310 -1.40518
 2.320 -1.40519
 2.330 -1.40519
 2.340 -1.40519
 2.350 -1.40519
 2.360 -1.40518
 2.370 -1.40517
 2.380 -1.40516
 2.390 -1.40514
 2.400 -1.40512
 2.410 -1.40510
 2.420 -1.40507
 2.430 -1.40505
 2.440 -1.40502
 2.450 -1.40499
 2.460 -1.40496
 2.470 -1.40492
 2.480 -1.40489
 2.490 -1.40487
 2.500 -1.40484
 2.510 -1.40481
 2.520 -1.40479
 2.530 -1.40478
 2.540 -1.40476
 2.550 -1.40475
 2.560 -1.40474
 2.570 -1.40474
 2.580 -1.40473
 2.590 -1.40474
 2.600 -1.40474
 2.610 -1.40475
 2.620 -1.40475
 2.630 -1.40476
 2.640 -1.40477
 2.650 -1.40479
 2.660 -1.40480
 2.670 -1.40481
 2.680 -1.40482
 2.690 -1.40484
 2.700 -1.40485
 2.710 -1.40486
 2.720 -1.40487
 2.730 -1.40489
 2.740 -1.40490
 2.750 -1.40491
 2.760 -1.40492
 2.770 -1.40493
 2.780 -1.40495
 2.790 -1.40496
 2.800 -1.40497
 2.810 -1.40498
 2.820 -1.40500
 2.830 -1.40501
 2.840 -1.40503
 2.850 -1.40504
 2.860 -1.40506
 2.870 -1.40508
 2.880 -1.40509
 2.890 -1.40511
 2.900 -1.40513
 2.910 -1.40514
 2.920 -1.40516
 2.930 -1.40517
 2.940 -1.40518
 2.950 -1.40518
 2.960 -1.40519
 2.970 -1.40518
 2.980 -1.40518
 2.990 -1.40517
 3.000 -1.40515
 3.010 -1.40513
 3.020 -1.40510
 3.030 -1.40507
 3.040 -1.40503
 3.050 -1.40499
 3.060 -1.40494
 3.070 -1.40489
 3.080 -1.40483
 3.090 -1.40477
 3.100 -1.40471
 3.110 -1.40464
 3.120 -1.40457
 3.130 -1.40450
 3.140 -1.40443
 3.150 -1.40436
 3.160 -1.40429
 3.170 -1.40422
 3.180 -1.40415
 3.190 -1.40408
 3.200 -1.40401
 3.210 -1.40395
 3.220 -1.40389
 3.230 -1.40383
 3.240 -1.40378
 3.250 -1.40372
 3.260 -1.40368
 3.270 -1.40363
 3.280 -1.40359
 3.290 -1.40355
 3.300 -1.40351
 3.310 -1.40348
 3.320 -1.40345
 3.330 -1.40342
 3.340 -1.40339
 3.350 -1.40336
 3.360 -1.40334
 3.370 -1.40332
 3.380 -1.40329
 3.390 -1.40327
 3.400 -1.40325
 3.410 -1.40323
 3.420 -1.40321
 3.430 -1.40319
 3.440 -1.40317
 3.450 -1.40315
 3.460 -1.40313
 3.470 -1.40310
 3.480 -1.40308
 3.490 -1.40305
 3.500 -1.40302
 3.510 -1.40299
 3.520 -1.40296
 3.530 -1.40293
 3.540 -1.40290
 3.550 -1.40287
 3.560 -1.40284
 3.570 -1.40281
 3.580 -1.40279
 3.590 -1.40276
 3.600 -1.40274
 3.610 -1.40272
 3.620 -1.40271
 3.630 -1.40270
 3.640 -1.40269
 3.650 -1.40269
 3.660 -1.40268
 3.670 -1.40269
 3.680 -1.40269
 3.690 -1.40270
 3.700 -1.40271
 3.710 -1.40272
 3.720 -1.40273
 3.730 -1.40274
 3.740 -1.40276
 3.750 -1.40277
 3.760 -1.40279
 3.770 -1.40281
 3.780 -1.40282
 3.790 -1.40284
 3.800 -1.40285
 3.810 -1.40287
 3.820 -1.40288
 3.830 -1.40289
 3.840 -1.40290
 3.850 -1.40291
 3.860 -1.40291
 3.870 -1.40291
 3.880 -1.40292
 3.890 -1.40292
 3.900 -1.40292
 3.910 -1.40291
 3.920 -1.40291
 3.930 -1.40290
 3.940 -1.40290
 3.950 -1.40289
 3.960 -1.40288
 3.970 -1.40288
 3.980 -1.40287
 3.990 -1.40285
 4.000 -1.40284
 4.010 -1.40283
 4.020 -1.40282
 4.030 -1.40281
 4.040 -1.40280
 4.050 -1.40278
 4.060 -1.40277
 4.070 -1.40276
 4.080 -1.40275
 4.090 -1.40274
 4.100 -1.40273
 4.110 -1.40272
 4.120 -1.40271
 4.130 -1.40270
 4.140 -1.40269
 4.150 -1.40268
 4.160 -1.40267
 4.170 -1.40266
 4.180 -1.40265
 4.190 -1.40265
 4.200 -1.40264
 4.210 -1.40263
 4.220 -1.40263
 4.230 -1.40263
 4.240 -1.40263
 4.250 -1.40263
 4.260 -1.40263
 4.270 -1.40264
 4.280 -1.40264
 4.290 -1.40265
 4.300 -1.40266
 4.310 -1.40268
 4.320 -1.40269
 4.330 -1.40271
 4.340 -1.40272
 4.350 -1.40274
 4.360 -1.40276
 4.370 -1.40278
 4.380 -1.40280
 4.390 -1.40281
 4.400 -1.40283
 4.410 -1.40285
 4.420 -1.40287
 4.430 -1.40289
 4.440 -1.40291
 4.450 -1.40293
 4.460 -1.40295
 4.470 -1.40297
 4.480 -1.40300
 4.490 -1.40302
 4.500 -1.40305
 4.510 -1.40307
 4.520 -1.40310
 4.530 -1.40313
 4.540 -1.40316
 4.550 -1.40319
 4.560 -1.40322
 4.570 -1.40326
 4.580 -1.40329
 4.590 -1.40332
 4.600 -1.40336
 4.610 -1.40339
 4.620 -1.40343
 4.630 -1.40346
 4.640 -1.40350
 4.650 -1.40353
 4.660 -1.40356
 4.670 -1.40360
 4.680 -1.40363
 4.690 -1.40366
 4.700 -1.40368
 4.710 -1.40371
 4.720 -1.40373
 4.730 -1.40375
 4.740 -1.40378
 4.750 -1.40379
 4.760 -1.40381
 4.770 -1.40383
 4.780 -1.40384
 4.790 -1.40386
 4.800 -1.40387
 4.810 -1.40389
 4.820 -1.40390
 4.830 -1.40392
 4.840 -1.40394
 4.850 -1.40396
 4.860 -1.40398
 4.870 -1.40400
 4.880 -1.40402
 4.890 -1.40404
 4.900 -1.40407
 4.910 -1.40409
 4.920 -1.40412
 4.930 -1.40414
 4.940 -1.40417
 4.950 -1.40419
 4.960 -1.40422
 4.970 -1.40425
 4.980 -1.40427
 4.990 -1.40430
 5.000 -1.40432
 5.010 -1.40435
 5.020 -1.40437
 5.030 -1.40439
 5.040 -1.40441
 5.050 -1.40443
 5.060 -1.40445
 5.070 -1.40447
 5.080 -1.40449
 5.090 -1.40450
 5.100 -1.40452
 5.110 -1.40454
 5.120 -1.40455
 5.130 -1.40457
 5.140 -1.40458
 5.150 -1.40460
 5.160 -1.40461
 5.170 -1.40463
 5.180 -1.40465
 5.190 -1.40466
 5.200 -1.40468
 5.210 -1.40469
 5.220 -1.40471
 5.230 -1.40472
 5.240 -1.40473
 5.250 -1.40475
 5.260 -1.40476
 5.270 -1.40477
 5.280 -1.40478
 5.290 -1.40478
 5.300 -1.40478
 5.310 -1.40478
 5.320 -1.40478
 5.330 -1.40478
 5.340 -1.40477
 5.350 -1.40476
 5.360 -1.40475
 5.370 -1.40473
 5.380 -1.40471
 5.390 -1.40469
 5.400 -1.40467
 5.410 -1.40464
 5.420 -1.40461
 5.430 -1.40458
 5.440 -1.40454
 5.450 -1.40450
 5.460 -1.40446
 5.470 -1.40441
 5.480 -1.40436
 5.490 -1.40431
 5.500 -1.40426
 5.510 -1.40420
 5.520 -1.40415
 5.530 -1.40410
 5.540 -1.40404
 5.550 -1.40399
 5.560 -1.40394
 5.570 -1.40389
 5.580 -1.40385
 5.590 -1.40380
 5.600 -1.40376
