 0.000 -0.24614
 0.010 -0.24606
 0.020 -0.24598
 0.030 -0.24590
 0.040 -0.24583
 0.050 -0.24575
 0.060 -0.24567
 0.070 -0.24559
 0.080 -0.24551
 0.090 -0.24544
 0.100 -0.24536
 0.110 -0.24529
 0.120 -0.24521
 0.130 -0.24514
 0.140 -0.24507
 0.150 -0.24500
 0.160 -0.24493
 0.170 -0.24486
 0.180 -0.24479
 0.190 -0.24473
 0.200 -0.24466
 0.210 -0.24460
 0.220 -0.24454
 0.230 -0.24448
 0.240 -0.24442
 0.250 -0.24436
 0.260 -0.24430
 0.270 -0.24425
 0.280 -0.24420
 0.290 -0.24414
 0.300 -0.24409
 0.310 -0.24405
 0.320 -0.24400
 0.330 -0.24395
 0.340 -0.24391
 0.350 -0.24386
 0.360 -0.24382
 0.370 -0.24378
 0.380 -0.24374
 0.390 -0.24371
 0.400 -0.24367
 0.410 -0.24364
 0.420 -0.24360
 0.430 -0.24357
 0.440 -0.24354
 0.450 -0.24351
 0.460 -0.24349
 0.470 -0.24346
 0.480 -0.24344
 0.490 -0.24341
 0.500 -0.24339
 0.510 -0.24337
 0.520 -0.24335
 0.530 -0.24333
 0.540 -0.24331
 0.550 -0.24329
 0.560 -0.24328
 0.570 -0.24326
 0.580 -0.24325
 0.590 -0.24323
 0.600 -0.24322
 0.610 -0.24321
 0.620 -0.24320
 0.630 -0.24319
 0.640 -0.24318
 0.650 -0.24317
 0.660 -0.24316
 0.670 -0.24315
 0.680 -0.24314
 0.690 -0.24313
 0.700 -0.24313
 0.710 -0.24312
 0.720 -0.24311
 0.730 -0.24311
 0.740 -0.24310
 0.750 -0.24310
 0.760 -0.24309
 0.770 -0.24308
 0.780 -0.24308
 0.790 -0.24308
 0.800 -0.24307
 0.810 -0.24307
 0.820 -0.24306
 0.830 -0.24306
 0.840 -0.24306
 0.850 -0.24305
 0.860 -0.24305
 0.870 -0.24305
 0.880 -0.24304
 0.890 -0.24304
 0.900 -0.24304
 0.910 -0.24304
 0.920 -0.24304
 0.930 -0.24303
 0.940 -0.24303
 0.950 -0.24303
 0.960 -0.24303
 0.970 -0.24303
 0.980 -0.24303
 0.990 -0.24303
 1.000 -0.24304
 1.010 -0.24304
 1.020 -0.24304
 1.030 -0.24304
 1.040 -0.24305
 1.050 -0.24305
 1.060 -0.24305
 1.070 -0.24306
 1.080 -0.24306
 1.090 -0.24307
 1.100 -0.24307
 1.110 -0.24308
 1.120 -0.24308
 1.130 -0.24309
 1.140 -0.24310
 1.150 -0.24310
 1.160 -0.24311
 1.170 -0.24312
 1.180 -0.24313
 1.190 -0.24314
 1.200 -0.24314
 1.210 -0.24315
 1.220 -0.24316
 1.230 -0.24317
 1.240 -0.24318
 1.250 -0.24319
 1.260 -0.24321
 1.270 -0.24322
 1.280 -0.24323
 1.290 -0.24324
 1.300 -0.24325
 1.310 -0.24327
 1.320 -0.24328
 1.330 -0.24329
 1.340 -0.24331
 1.350 -0.24332
 1.360 -0.24334
 1.370 -0.24335
 1.380 -0.24337
 1.390 -0.24338
 1.400 -0.24340
 1.410 -0.24342
 1.420 -0.24344
 1.430 -0.24345
 1.440 -0.24347
 1.450 -0.24349
 1.460 -0.24351
 1.470 -0.24353
 1.480 -0.24355
 1.490 -0.24357
 1.500 -0.24359
 1.510 -0.24362
 1.520 -0.24364
 1.530 -0.24366
 1.540 -0.24368
 1.550 -0.24371
 1.560 -0.24373
 1.570 -0.24376
 1.580 -0.24378
 1.590 -0.24381
 1.600 -0.24383
 1.610 -0.24386
 1.620 -0.24389
 1.630 -0.24391
 1.640 -0.24394
 1.650 -0.24397
 1.660 -0.24400
 1.670 -0.24403
 1.680 -0.24405
 1.690 -0.24408
 1.700 -0.24411
 1.710 -0.24414
 1.720 -0.24417
 1.730 -0.24420
 1.740 -0.24423
 1.750 -0.24426
 1.760 -0.24429
 1.770 -0.24432
 1.780 -0.24434
 1.790 -0.24437
 1.800 -0.24440
 1.810 -0.24443
 1.820 -0.24446
 1.830 -0.24449
 1.840 -0.24452
 1.850 -0.24455
 1.860 -0.24458
 1.870 -0.24460
 1.880 -0.24463
 1.890 -0.24466
 1.900 -0.24469
 1.910 -0.24472
 1.920 -0.24474
 1.930 -0.24477
 1.940 -0.24480
 1.950 -0.24483
 1.960 -0.24485
 1.970 -0.24488
 1.980 -0.24491
 1.990 -0.24493
 2.000 -0.24496
 2.010 -0.24498
 2.020 -0.24501
 2.030 -0.24503
 2.040 -0.24506
 2.050 -0.24508
 2.060 -0.24510
 2.070 -0.24513
 2.080 -0.24515
 2.090 -0.24517
 2.100 -0.24519
 2.110 -0.24521
 2.120 -0.24523
 2.130 -0.24525
 2.140 -0.24527
 2.150 -0.24529
 2.160 -0.24531
 2.170 -0.24533
 2.180 -0.24534
 2.190 -0.24536
 2.200 -0.24537
 2.210 -0.24539
 2.220 -0.24540
 2.230 -0.24542
 2.240 -0.24543
 2.250 -0.24544
 2.260 -0.24546
 2.270 -0.24547
 2.280 -0.24548
 2.290 -0.24549
 2.300 -0.24550
 2.310 -0.24551
 2.320 -0.24552
 2.330 -0.24553
 2.340 -0.24554
 2.350 -0.24554
 2.360 -0.24555
 2.370 -0.24556
 2.380 -0.24557
 2.390 -0.24558
 2.400 -0.24558
 2.410 -0.24559
 2.420 -0.24560
 2.430 -0.24560
 2.440 -0.24561
 2.450 -0.24562
 2.460 -0.24562
 2.470 -0.24563
 2.480 -0.24563
 2.490 -0.24564
 2.500 -0.24564
 2.510 -0.24564
 2.520 -0.24565
 2.530 -0.24565
 2.540 -0.24565
 2.550 -0.24566
 2.560 -0.24566
 2.570 -0.24566
 2.580 -0.24566
 2.590 -0.24566
 2.600 -0.24566
 2.610 -0.24566
 2.620 -0.24565
 2.630 -0.24565
 2.640 -0.24565
 2.650 -0.24564
 2.660 -0.24564
 2.670 -0.24564
 2.680 -0.24563
 2.690 -0.24563
 2.700 -0.24562
 2.710 -0.24562
 2.720 -0.24561
 2.730 -0.24561
 2.740 -0.24560
 2.750 -0.24560
 2.760 -0.24559
 2.770 -0.24558
 2.780 -0.24558
 2.790 -0.24557
 2.800 -0.24557
 2.810 -0.24556
 2.820 -0.24556
 2.830 -0.24555
 2.840 -0.24555
 2.850 -0.24554
 2.860 -0.24554
 2.870 -0.24554
 2.880 -0.24554
 2.890 -0.24553
 2.900 -0.24553
 2.910 -0.24553
 2.920 -0.24553
 2.930 -0.24553
 2.940 -0.24553
 2.950 -0.24553
 2.960 -0.24553
 2.970 -0.24554
 2.980 -0.24554
 2.990 -0.24555
 3.000 -0.24555
 3.010 -0.24556
 3.020 -0.24556
 3.030 -0.24557
 3.040 -0.24558
 3.050 -0.24559
 3.060 -0.24560
 3.070 -0.24561
 3.080 -0.24562
 3.090 -0.24563
 3.100 -0.24565
 3.110 -0.24566
 3.120 -0.24568
 3.130 -0.24569
 3.140 -0.24571
 3.150 -0.24573
 3.160 -0.24575
 3.170 -0.24577
 3.180 -0.24579
 3.190 -0.24581
 3.200 -0.24583
 3.210 -0.24585
 3.220 -0.24587
 3.230 -0.24590
 3.240 -0.24592
 3.250 -0.24595
 3.260 -0.24597
 3.270 -0.24600
 3.280 -0.24602
 3.290 -0.24605
 3.300 -0.24607
 3.310 -0.24610
 3.320 -0.24613
 3.330 -0.24615
 3.340 -0.24618
 3.350 -0.24621
 3.360 -0.24624
 3.370 -0.24627
 3.380 -0.24629
 3.390 -0.24632
 3.400 -0.24635
 3.410 -0.24638
 3.420 -0.24641
 3.430 -0.24643
 3.440 -0.24646
 3.450 -0.24649
 3.460 -0.24652
 3.470 -0.24654
 3.480 -0.24657
 3.490 -0.24660
 3.500 -0.24662
 3.510 -0.24665
 3.520 -0.24668
 3.530 -0.24670
 3.540 -0.24673
 3.550 -0.24675
 3.560 -0.24677
 3.570 -0.24680
 3.580 -0.24682
 3.590 -0.24684
 3.600 -0.24686
 3.610 -0.24688
 3.620 -0.24690
 3.630 -0.24692
 3.640 -0.24694
 3.650 -0.24696
 3.660 -0.24698
 3.670 -0.24700
 3.680 -0.24701
 3.690 -0.24703
 3.700 -0.24705
 3.710 -0.24706
 3.720 -0.24708
 3.730 -0.24709
 3.740 -0.24711
 3.750 -0.24712
 3.760 -0.24714
 3.770 -0.24715
 3.780 -0.24716
 3.790 -0.24717
 3.800 -0.24719
 3.810 -0.24720
 3.820 -0.24721
 3.830 -0.24722
 3.840 -0.24724
 3.850 -0.24725
 3.860 -0.24726
 3.870 -0.24727
 3.880 -0.24728
 3.890 -0.24730
 3.900 -0.24731
 3.910 -0.24732
 3.920 -0.24733
 3.930 -0.24735
 3.940 -0.24736
 3.950 -0.24737
 3.960 -0.24738
 3.970 -0.24740
 3.980 -0.24741
 3.990 -0.24742
 4.000 -0.24744
 4.010 -0.24745
 4.020 -0.24747
 4.030 -0.24748
 4.040 -0.24749
 4.050 -0.24751
 4.060 -0.24752
 4.070 -0.24754
 4.080 -0.24755
 4.090 -0.24757
 4.100 -0.24759
 4.110 -0.24760
 4.120 -0.24762
 4.130 -0.24763
 4.140 -0.24765
 4.150 -0.24766
 4.160 -0.24768
 4.170 -0.24770
 4.180 -0.24771
 4.190 -0.24773
 4.200 -0.24775
 4.210 -0.24776
 4.220 -0.24778
 4.230 -0.24780
 4.240 -0.24781
 4.250 -0.24783
 4.260 -0.24784
 4.270 -0.24786
 4.280 -0.24788
 4.290 -0.24789
 4.300 -0.24791
 4.310 -0.24792
 4.320 -0.24794
 4.330 -0.24795
 4.340 -0.24797
 4.350 -0.24798
 4.360 -0.24799
 4.370 -0.24801
 4.380 -0.24802
 4.390 -0.24803
 4.400 -0.24805
 4.410 -0.24806
 4.420 -0.24807
 4.430 -0.24808
 4.440 -0.24809
 4.450 -0.24810
 4.460 -0.24811
 4.470 -0.24812
 4.480 -0.24813
 4.490 -0.24814
 4.500 -0.24815
 4.510 -0.24816
 4.520 -0.24816
 4.530 -0.24817
 4.540 -0.24818
 4.550 -0.24819
 4.560 -0.24819
 4.570 -0.24820
 4.580 -0.24821
 4.590 -0.24821
 4.600 -0.24822
 4.610 -0.24822
 4.620 -0.24823
 4.630 -0.24823
 4.640 -0.24824
 4.650 -0.24824
 4.660 -0.24825
 4.670 -0.24825
 4.680 -0.24826
 4.690 -0.24826
 4.700 -0.24827
 4.710 -0.24827
 4.720 -0.24828
 4.730 -0.24828
 4.740 -0.24828
 4.750 -0.24829
 4.760 -0.24829
 4.770 -0.24830
 4.780 -0.24830
 4.790 -0.24830
 4.800 -0.24831
 4.810 -0.24831
 4.820 -0.24832
 4.830 -0.24832
 4.840 -0.24833
 4.850 -0.24833
 4.860 -0.24834
 4.870 -0.24834
 4.880 -0.24835
 4.890 -0.24835
 4.900 -0.24836
 4.910 -0.24837
 4.920 -0.24837
 4.930 -0.24838
 4.940 -0.24839
 4.950 -0.24839
 4.960 -0.24840
 4.970 -0.24841
 4.980 -0.24842
 4.990 -0.24843
 5.000 -0.24843
 5.010 -0.24844
 5.020 -0.24845
 5.030 -0.24846
 5.040 -0.24847
 5.050 -0.24848
 5.060 -0.24848
 5.070 -0.24849
 5.080 -0.24850
 5.090 -0.24851
 5.100 -0.24852
 5.110 -0.24853
 5.120 -0.24854
 5.130 -0.24855
 5.140 -0.24856
 5.150 -0.24857
 5.160 -0.24858
 5.170 -0.24859
 5.180 -0.24860
 5.190 -0.24861
 5.200 -0.24862
 5.210 -0.24863
 5.220 -0.24864
 5.230 -0.24865
 5.240 -0.24866
 5.250 -0.24867
 5.260 -0.24868
 5.270 -0.24870
 5.280 -0.24871
 5.290 -0.24872
 5.300 -0.24873
 5.310 -0.24874
 5.320 -0.24875
 5.330 -0.24876
 5.340 -0.24877
 5.350 -0.24878
 5.360 -0.24879
 5.370 -0.24880
 5.380 -0.24881
 5.390 -0.24882
 5.400 -0.24883
 5.410 -0.24884
 5.420 -0.24885
 5.430 -0.24886
 5.440 -0.24887
 5.450 -0.24888
 5.460 -0.24889
 5.470 -0.24890
 5.480 -0.24891
 5.490 -0.24891
 5.500 -0.24892
 5.510 -0.24893
 5.520 -0.24894
 5.530 -0.24894
 5.540 -0.24895
 5.550 -0.24896
 5.560 -0.24896
 5.570 -0.24897
 5.580 -0.24897
 5.590 -0.24898
 5.600 -0.24898
