 0.000 -0.19557
 0.010 -0.19555
 0.020 -0.19553
 0.030 -0.19551
 0.040 -0.19549
 0.050 -0.19546
 0.060 -0.19544
 0.070 -0.19542
 0.080 -0.19541
 0.090 -0.19539
 0.100 -0.19537
 0.110 -0.19535
 0.120 -0.19533
 0.130 -0.19531
 0.140 -0.19530
 0.150 -0.19528
 0.160 -0.19526
 0.170 -0.19525
 0.180 -0.19523
 0.190 -0.19522
 0.200 -0.19520
 0.210 -0.19519
 0.220 -0.19518
 0.230 -0.19516
 0.240 -0.19515
 0.250 -0.19514
 0.260 -0.19513
 0.270 -0.19512
 0.280 -0.19511
 0.290 -0.19510
 0.300 -0.19509
 0.310 -0.19508
 0.320 -0.19507
 0.330 -0.19506
 0.340 -0.19505
 0.350 -0.19504
 0.360 -0.19503
 0.370 -0.19503
 0.380 -0.19502
 0.390 -0.19501
 0.400 -0.19501
 0.410 -0.19500
 0.420 -0.19500
 0.430 -0.19499
 0.440 -0.19499
 0.450 -0.19498
 0.460 -0.19498
 0.470 -0.19498
 0.480 -0.19498
 0.490 -0.19497
 0.500 -0.19497
 0.510 -0.19497
 0.520 -0.19497
 0.530 -0.19497
 0.540 -0.19497
 0.550 -0.19497
 0.560 -0.19497
 0.570 -0.19497
 0.580 -0.19497
 0.590 -0.19497
 0.600 -0.19498
 0.610 -0.19498
 0.620 -0.19498
 0.630 -0.19498
 0.640 -0.19499
 0.650 -0.19499
 0.660 -0.19500
 0.670 -0.19500
 0.680 -0.19500
 0.690 -0.19501
 0.700 -0.19501
 0.710 -0.19502
 0.720 -0.19502
 0.730 -0.19503
 0.740 -0.19504
 0.750 -0.19504
 0.760 -0.19505
 0.770 -0.19506
 0.780 -0.19506
 0.790 -0.19507
 0.800 -0.19508
 0.810 -0.19509
 0.820 -0.19509
 0.830 -0.19510
 0.840 -0.19511
 0.850 -0.19512
 0.860 -0.19513
 0.870 -0.19514
 0.880 -0.19515
 0.890 -0.19516
 0.900 -0.19517
 0.910 -0.19518
 0.920 -0.19519
 0.930 -0.19520
 0.940 -0.19521
 0.950 -0.19522
 0.960 -0.19524
 0.970 -0.19525
 0.980 -0.19526
 0.990 -0.19527
 1.000 -0.19528
 1.010 -0.19530
 1.020 -0.19531
 1.030 -0.19532
 1.040 -0.19534
 1.050 -0.19535
 1.060 -0.19536
 1.070 -0.19538
 1.080 -0.19539
 1.090 -0.19540
 1.100 -0.19542
 1.110 -0.19543
 1.120 -0.19545
 1.130 -0.19546
 1.140 -0.19547
 1.150 -0.19549
 1.160 -0.19550
 1.170 -0.19551
 1.180 -0.19553
 1.190 -0.19554
 1.200 -0.19556
 1.210 -0.19557
 1.220 -0.19558
 1.230 -0.19560
 1.240 -0.19561
 1.250 -0.19562
 1.260 -0.19564
 1.270 -0.19565
 1.280 -0.19566
 1.290 -0.19568
 1.300 -0.19569
 1.310 -0.19570
 1.320 -0.19571
 1.330 -0.19573
 1.340 -0.19574
 1.350 -0.19575
 1.360 -0.19576
 1.370 -0.19577
 1.380 -0.19578
 1.390 -0.19579
 1.400 -0.19580
 1.410 -0.19581
 1.420 -0.19582
 1.430 -0.19583
 1.440 -0.19584
 1.450 -0.19585
 1.460 -0.19586
 1.470 -0.19587
 1.480 -0.19588
 1.490 -0.19589
 1.500 -0.19590
 1.510 -0.19591
 1.520 -0.19592
 1.530 -0.19593
 1.540 -0.19593
 1.550 -0.19594
 1.560 -0.19595
 1.570 -0.19596
 1.580 -0.19596
 1.590 -0.19597
 1.600 -0.19598
 1.610 -0.19599
 1.620 -0.19599
 1.630 -0.19600
 1.640 -0.19600
 1.650 -0.19601
 1.660 -0.19602
 1.670 -0.19602
 1.680 -0.19603
 1.690 -0.19603
 1.700 -0.19604
 1.710 -0.19605
 1.720 -0.19605
 1.730 -0.19606
 1.740 -0.19606
 1.750 -0.19607
 1.760 -0.19607
 1.770 -0.19608
 1.780 -0.19608
 1.790 -0.19609
 1.800 -0.19609
 1.810 -0.19610
 1.820 -0.19610
 1.830 -0.19611
 1.840 -0.19611
 1.850 -0.19612
 1.860 -0.19612
 1.870 -0.19613
 1.880 -0.19613
 1.890 -0.19614
 1.900 -0.19614
 1.910 -0.19615
 1.920 -0.19615
 1.930 -0.19616
 1.940 -0.19617
 1.950 -0.19617
 1.960 -0.19618
 1.970 -0.19618
 1.980 -0.19619
 1.990 -0.19620
 2.000 -0.19620
 2.010 -0.19621
 2.020 -0.19622
 2.030 -0.19622
 2.040 -0.19623
 2.050 -0.19624
 2.060 -0.19625
 2.070 -0.19625
 2.080 -0.19626
 2.090 -0.19627
 2.100 -0.19628
 2.110 -0.19629
 2.120 -0.19630
 2.130 -0.19630
 2.140 -0.19631
 2.150 -0.19632
 2.160 -0.19633
 2.170 -0.19634
 2.180 -0.19635
 2.190 -0.19636
 2.200 -0.19637
 2.210 -0.19638
 2.220 -0.19639
 2.230 -0.19640
 2.240 -0.19641
 2.250 -0.19643
 2.260 -0.19644
 2.270 -0.19645
 2.280 -0.19646
 2.290 -0.19647
 2.300 -0.19648
 2.310 -0.19650
 2.320 -0.19651
 2.330 -0.19652
 2.340 -0.19654
 2.350 -0.19655
 2.360 -0.19656
 2.370 -0.19658
 2.380 -0.19659
 2.390 -0.19660
 2.400 -0.19662
 2.410 -0.19663
 2.420 -0.19664
 2.430 -0.19666
 2.440 -0.19667
 2.450 -0.19669
 2.460 -0.19670
 2.470 -0.19672
 2.480 -0.19673
 2.490 -0.19674
 2.500 -0.19676
 2.510 -0.19677
 2.520 -0.19679
 2.530 -0.19680
 2.540 -0.19681
 2.550 -0.19683
 2.560 -0.19684
 2.570 -0.19685
 2.580 -0.19687
 2.590 -0.19688
 2.600 -0.19689
 2.610 -0.19690
 2.620 -0.19692
 2.630 -0.19693
 2.640 -0.19694
 2.650 -0.19695
 2.660 -0.19696
 2.670 -0.19697
 2.680 -0.19698
 2.690 -0.19699
 2.700 -0.19700
 2.710 -0.19701
 2.720 -0.19702
 2.730 -0.19703
 2.740 -0.19704
 2.750 -0.19705
 2.760 -0.19706
 2.770 -0.19707
 2.780 -0.19708
 2.790 -0.19708
 2.800 -0.19709
 2.810 -0.19710
 2.820 -0.19710
 2.830 -0.19711
 2.840 -0.19712
 2.850 -0.19712
 2.860 -0.19713
 2.870 -0.19713
 2.880 -0.19714
 2.890 -0.19714
 2.900 -0.19715
 2.910 -0.19715
 2.920 -0.19715
 2.930 -0.19716
 2.940 -0.19716
 2.950 -0.19716
 2.960 -0.19716
 2.970 -0.19717
 2.980 -0.19717
 2.990 -0.19717
 3.000 -0.19717
 3.010 -0.19717
 3.020 -0.19717
 3.030 -0.19718
 3.040 -0.19718
 3.050 -0.19718
 3.060 -0.19718
 3.070 -0.19718
 3.080 -0.19718
 3.090 -0.19718
 3.100 -0.19718
 3.110 -0.19718
 3.120 -0.19718
 3.130 -0.19718
 3.140 -0.19718
 3.150 -0.19718
 3.160 -0.19718
 3.170 -0.19718
 3.180 -0.19719
 3.190 -0.19719
 3.200 -0.19719
 3.210 -0.19719
 3.220 -0.19719
 3.230 -0.19719
 3.240 -0.19719
 3.250 -0.19719
 3.260 -0.19719
 3.270 -0.19719
 3.280 -0.19719
 3.290 -0.19720
 3.300 -0.19720
 3.310 -0.19720
 3.320 -0.19720
 3.330 -0.19720
 3.340 -0.19720
 3.350 -0.19720
 3.360 -0.19721
 3.370 -0.19721
 3.380 -0.19721
 3.390 -0.19721
 3.400 -0.19722
 3.410 -0.19722
 3.420 -0.19722
 3.430 -0.19722
 3.440 -0.19722
 3.450 -0.19723
 3.460 -0.19723
 3.470 -0.19723
 3.480 -0.19723
 3.490 -0.19724
 3.500 -0.19724
 3.510 -0.19724
 3.520 -0.19724
 3.530 -0.19724
 3.540 -0.19725
 3.550 -0.19725
 3.560 -0.19725
 3.570 -0.19725
 3.580 -0.19726
 3.590 -0.19726
 3.600 -0.19726
 3.610 -0.19726
 3.620 -0.19727
 3.630 -0.19727
 3.640 -0.19727
 3.650 -0.19728
 3.660 -0.19728
 3.670 -0.19728
 3.680 -0.19729
 3.690 -0.19729
 3.700 -0.19729
 3.710 -0.19730
 3.720 -0.19730
 3.730 -0.19730
 3.740 -0.19731
 3.750 -0.19731
 3.760 -0.19731
 3.770 -0.19732
 3.780 -0.19732
 3.790 -0.19733
 3.800 -0.19733
 3.810 -0.19733
 3.820 -0.19734
 3.830 -0.19734
 3.840 -0.19735
 3.850 -0.19735
 3.860 -0.19735
 3.870 -0.19736
 3.880 -0.19736
 3.890 -0.19737
 3.900 -0.19737
 3.910 -0.19738
 3.920 -0.19738
 3.930 -0.19739
 3.940 -0.19739
 3.950 -0.19740
 3.960 -0.19740
 3.970 -0.19741
 3.980 -0.19741
 3.990 -0.19742
 4.000 -0.19742
 4.010 -0.19743
 4.020 -0.19743
 4.030 -0.19744
 4.040 -0.19744
 4.050 -0.19745
 4.060 -0.19745
 4.070 -0.19746
 4.080 -0.19746
 4.090 -0.19747
 4.100 -0.19747
 4.110 -0.19747
 4.120 -0.19748
 4.130 -0.19748
 4.140 -0.19749
 4.150 -0.19749
 4.160 -0.19750
 4.170 -0.19750
 4.180 -0.19750
 4.190 -0.19751
 4.200 -0.19751
 4.210 -0.19752
 4.220 -0.19752
 4.230 -0.19752
 4.240 -0.19753
 4.250 -0.19753
 4.260 -0.19753
 4.270 -0.19754
 4.280 -0.19754
 4.290 -0.19754
 4.300 -0.19755
 4.310 -0.19755
 4.320 -0.19755
 4.330 -0.19755
 4.340 -0.19756
 4.350 -0.19756
 4.360 -0.19756
 4.370 -0.19756
 4.380 -0.19757
 4.390 -0.19757
 4.400 -0.19757
 4.410 -0.19757
 4.420 -0.19757
 4.430 -0.19758
 4.440 -0.19758
 4.450 -0.19758
 4.460 -0.19758
 4.470 -0.19759
 4.480 -0.19759
 4.490 -0.19759
 4.500 -0.19759
 4.510 -0.19759
 4.520 -0.19759
 4.530 -0.19760
 4.540 -0.19760
 4.550 -0.19760
 4.560 -0.19760
 4.570 -0.19760
 4.580 -0.19760
 4.590 -0.19760
 4.600 -0.19760
 4.610 -0.19761
 4.620 -0.19761
 4.630 -0.19761
 4.640 -0.19761
 4.650 -0.19761
 4.660 -0.19761
 4.670 -0.19761
 4.680 -0.19761
 4.690 -0.19761
 4.700 -0.19761
 4.710 -0.19761
 4.720 -0.19761
 4.730 -0.19761
 4.740 -0.19762
 4.750 -0.19762
 4.760 -0.19762
 4.770 -0.19762
 4.780 -0.19762
 4.790 -0.19762
 4.800 -0.19762
 4.810 -0.19762
 4.820 -0.19761
 4.830 -0.19761
 4.840 -0.19761
 4.850 -0.19761
 4.860 -0.19761
 4.870 -0.19761
 4.880 -0.19761
 4.890 -0.19761
 4.900 -0.19761
 4.910 -0.19761
 4.920 -0.19761
 4.930 -0.19761
 4.940 -0.19761
 4.950 -0.19761
 4.960 -0.19761
 4.970 -0.19761
 4.980 -0.19761
 4.990 -0.19761
 5.000 -0.19761
 5.010 -0.19761
 5.020 -0.19760
 5.030 -0.19760
 5.040 -0.19760
 5.050 -0.19760
 5.060 -0.19760
 5.070 -0.19760
 5.080 -0.19760
 5.090 -0.19760
 5.100 -0.19759
 5.110 -0.19759
 5.120 -0.19759
 5.130 -0.19759
 5.140 -0.19759
 5.150 -0.19758
 5.160 -0.19758
 5.170 -0.19758
 5.180 -0.19758
 5.190 -0.19758
 5.200 -0.19757
 5.210 -0.19757
 5.220 -0.19757
 5.230 -0.19756
 5.240 -0.19756
 5.250 -0.19756
 5.260 -0.19756
 5.270 -0.19755
 5.280 -0.19755
 5.290 -0.19755
 5.300 -0.19755
 5.310 -0.19754
 5.320 -0.19754
 5.330 -0.19754
 5.340 -0.19753
 5.350 -0.19753
 5.360 -0.19753
 5.370 -0.19753
 5.380 -0.19752
 5.390 -0.19752
 5.400 -0.19752
 5.410 -0.19751
 5.420 -0.19751
 5.430 -0.19751
 5.440 -0.19751
 5.450 -0.19750
 5.460 -0.19750
 5.470 -0.19750
 5.480 -0.19750
 5.490 -0.19749
 5.500 -0.19749
 5.510 -0.19749
 5.520 -0.19749
 5.530 -0.19749
 5.540 -0.19748
 5.550 -0.19748
 5.560 -0.19748
 5.570 -0.19748
 5.580 -0.19748
 5.590 -0.19748
 5.600 -0.19748
