 14.00  13.00   0.00   0.00   0.00   0.00   0.00   0.00  16.00   0.00
  0.31   0.31   4.51
  0.24   1.20   4.65
  0.26   0.94   5.02
  0.26   1.21   4.73
  0.30   0.96   5.17
  0.27   1.09   4.77
  0.27   0.66   4.61
  0.23   0.28   4.61
  0.25   0.04   6.02
  0.34   0.03   6.26
  0.27   0.67   4.65
  0.24   0.27   4.60
  0.26   0.04   6.03
  0.36   0.03   6.22
  1.00   6.00   0.28   0.00  -0.26   0.00
  1.00   2.00   0.28   0.00  -0.14   0.00
  2.00   3.00   0.18   0.00  -0.09   0.00
  1.00   4.00   0.28   0.00  -0.14   0.00
  4.00   5.00   0.18   0.00  -0.09   0.00
  6.00   7.00   0.26   0.00  -0.17   0.00
  7.00   8.00   0.22   0.00  -0.17   0.00
  8.00   9.00   0.22   0.00  -0.05   0.00
  9.00  10.00   0.05   0.00  -0.04   0.00
  6.00  11.00   0.26   0.00  -0.17   0.00
 11.00  12.00   0.23   0.00  -0.17   0.00
 12.00  13.00   0.22   0.00  -0.05   0.00
 13.00  14.00   0.05   0.00  -0.04   0.00
  4.00   1.00   0.00   6.00   0.00   0.00   0.00   0.00   4.00   1.00
  4.00   2.00   0.00   6.00   0.00   0.00   0.00   0.00   4.00   2.00
  4.00   3.00   0.00   2.00   0.00   0.00   0.00   0.00   4.00   3.00
  4.00   4.00   0.00   6.00   0.00   0.00   0.00   0.00   4.00   4.00
  4.00   5.00   0.00   4.00   0.00   0.00   0.00   0.00   4.00   5.00
  3.00   6.00   1.00   0.00   0.00   0.00   0.00   0.00   4.00   6.00
  3.00   6.00   2.00   0.00   0.00   0.00   0.00   0.00   4.00   7.00
  3.00   6.00   3.00   0.00   0.00   0.00   0.00   0.00   4.00   8.00
  4.00   7.00   0.00   6.00   0.00   0.00   0.00   0.00   4.00   9.00
  4.00   8.00   0.00   7.00   0.00   0.00   0.00   0.00   4.00  10.00
  4.00   9.00   0.00   8.00   0.00   0.00   0.00   0.00   4.00  11.00
  4.00  10.00   0.00   9.00   0.00   0.00   0.00   0.00   4.00  12.00
  4.00  11.00   0.00   6.00   0.00   0.00   0.00   0.00   4.00  13.00
  4.00  12.00   0.00  11.00   0.00   0.00   0.00   0.00   4.00  14.00
  4.00  13.00   0.00  12.00   0.00   0.00   0.00   0.00   4.00  15.00
  4.00  14.00   0.00  13.00   0.00   0.00   0.00   0.00   4.00  16.00
 12.00 0.0000001000
  0.00   0.01   5.61
