 0.000 5.73296
 0.010 5.73534
 0.020 5.73950
 0.030 5.74561
 0.040 5.75376
 0.050 5.76397
 0.060 5.77621
 0.070 5.79039
 0.080 5.80632
 0.090 5.82368
 0.100 5.84203
 0.110 5.86094
 0.120 5.87996
 0.130 5.89871
 0.140 5.91686
 0.150 5.93414
 0.160 5.95035
 0.170 5.96538
 0.180 5.97916
 0.190 5.99168
 0.200 6.00298
 0.210 6.01311
 0.220 6.02210
 0.230 6.03002
 0.240 6.03691
 0.250 6.04280
 0.260 6.04774
 0.270 6.05176
 0.280 6.05487
 0.290 6.05709
 0.300 6.05844
 0.310 6.05893
 0.320 6.05853
 0.330 6.05719
 0.340 6.05486
 0.350 6.05143
 0.360 6.04679
 0.370 6.04080
 0.380 6.03331
 0.390 6.02418
 0.400 6.01326
 0.410 6.00043
 0.420 5.98559
 0.430 5.96866
 0.440 5.94955
 0.450 5.92820
 0.460 5.90454
 0.470 5.87850
 0.480 5.85003
 0.490 5.81909
 0.500 5.78572
 0.510 5.74998
 0.520 5.71207
 0.530 5.67227
 0.540 5.63100
 0.550 5.58883
 0.560 5.54654
 0.570 5.50513
 0.580 5.46584
 0.590 5.43017
 0.600 5.39977
 0.610 5.37636
 0.620 5.36144
 0.630 5.35611
 0.640 5.36070
 0.650 5.37455
 0.660 5.39598
 0.670 5.42257
 0.680 5.45166
 0.690 5.48091
 0.700 5.50867
 0.710 5.53408
 0.720 5.55692
 0.730 5.57745
 0.740 5.59613
 0.750 5.61352
 0.760 5.63012
 0.770 5.64632
 0.780 5.66232
 0.790 5.67812
 0.800 5.69360
 0.810 5.70851
 0.820 5.72258
 0.830 5.73548
 0.840 5.74691
 0.850 5.75661
 0.860 5.76439
 0.870 5.77012
 0.880 5.77378
 0.890 5.77545
 0.900 5.77527
 0.910 5.77341
 0.920 5.77009
 0.930 5.76553
 0.940 5.75999
 0.950 5.75373
 0.960 5.74710
 0.970 5.74042
 0.980 5.73403
 0.990 5.72825
 1.000 5.72337
 1.010 5.71969
 1.020 5.71752
 1.030 5.71714
 1.040 5.71882
 1.050 5.72278
 1.060 5.72918
