 0.000 4.75547
 0.010 4.75933
 0.020 4.76353
 0.030 4.76802
 0.040 4.77270
 0.050 4.77749
 0.060 4.78228
 0.070 4.78696
 0.080 4.79141
 0.090 4.79553
 0.100 4.79923
 0.110 4.80242
 0.120 4.80505
 0.130 4.80705
 0.140 4.80840
 0.150 4.80910
 0.160 4.80914
 0.170 4.80855
 0.180 4.80740
 0.190 4.80575
 0.200 4.80367
 0.210 4.80127
 0.220 4.79863
 0.230 4.79584
 0.240 4.79299
 0.250 4.79014
 0.260 4.78731
 0.270 4.78451
 0.280 4.78175
 0.290 4.77901
 0.300 4.77627
 0.310 4.77352
 0.320 4.77073
 0.330 4.76791
 0.340 4.76506
 0.350 4.76216
 0.360 4.75924
 0.370 4.75632
 0.380 4.75343
 0.390 4.75061
 0.400 4.74791
 0.410 4.74541
 0.420 4.74315
 0.430 4.74122
 0.440 4.73968
 0.450 4.73863
 0.460 4.73812
 0.470 4.73824
 0.480 4.73905
 0.490 4.74060
 0.500 4.74292
 0.510 4.74601
 0.520 4.74986
 0.530 4.75440
 0.540 4.75956
 0.550 4.76522
 0.560 4.77122
 0.570 4.77742
 0.580 4.78362
 0.590 4.78967
 0.600 4.79539
 0.610 4.80064
 0.620 4.80531
 0.630 4.80931
 0.640 4.81257
 0.650 4.81506
 0.660 4.81675
 0.670 4.81764
 0.680 4.81778
 0.690 4.81719
 0.700 4.81593
 0.710 4.81408
 0.720 4.81172
 0.730 4.80895
 0.740 4.80587
 0.750 4.80257
 0.760 4.79913
 0.770 4.79562
 0.780 4.79209
 0.790 4.78856
 0.800 4.78505
 0.810 4.78158
 0.820 4.77813
 0.830 4.77472
 0.840 4.77135
 0.850 4.76806
 0.860 4.76486
 0.870 4.76178
 0.880 4.75886
 0.890 4.75613
 0.900 4.75363
 0.910 4.75141
 0.920 4.74951
 0.930 4.74796
 0.940 4.74683
 0.950 4.74614
 0.960 4.74593
 0.970 4.74627
 0.980 4.74718
 0.990 4.74873
 1.000 4.75095
 1.010 4.75387
 1.020 4.75753
 1.030 4.76191
 1.040 4.76700
 1.050 4.77279
 1.060 4.77922
