 0.000 19.175747 548.251972 0.000000 -0.204744 0.000000
 0.010 25.324750 562.381777 0.000000 -0.204030 0.000000
 0.020 31.694742 576.029114 0.000000 -0.203317 0.000000
 0.030 38.409827 588.608939 0.000000 -0.202589 0.000000
 0.040 45.484099 599.452521 0.000000 -0.201826 0.000000
 0.050 52.805032 607.855787 0.000000 -0.201012 0.000000
 0.060 60.178941 613.064981 0.000000 -0.200130 0.000000
 0.070 67.412559 614.276891 0.000000 -0.199175 0.000000
 0.080 74.362231 610.768775 0.000000 -0.198149 0.000000
 0.090 80.915537 602.069407 0.000000 -0.197060 0.000000
 0.100 86.935391 587.942837 0.000000 -0.195921 0.000000
 0.110 92.215216 568.147026 0.000000 -0.194741 0.000000
 0.120 96.466348 542.248514 0.000000 -0.193519 0.000000
 0.130 99.335406 509.757637 0.000000 -0.192236 0.000000
 0.140 100.420230 470.420786 0.000000 -0.190858 0.000000
 0.150 99.201189 424.243938 0.000000 -0.189342 0.000000
 0.160 94.858775 371.253262 0.000000 -0.187645 0.000000
 0.170 86.232775 311.673477 0.000000 -0.185752 0.000000
 0.180 72.392900 247.014938 0.000000 -0.183683 0.000000
 0.190 53.841038 181.312058 0.000000 -0.181511 0.000000
 0.200 33.368233 120.893999 0.000000 -0.179346 0.000000
 0.210 15.313397 72.051406 0.000000 -0.177325 0.000000
 0.220 3.301142 38.073974 0.000000 -0.175574 0.000000
 0.230 -1.765670 17.987144 0.000000 -0.174187 0.000000
 0.240 -1.763295 7.840477 0.000000 -0.173203 0.000000
 0.250 0.350671 3.234436 0.000000 -0.172602 0.000000
 0.260 2.340087 1.132379 0.000000 -0.172323 0.000000
 0.270 3.358831 0.131062 0.000000 -0.172276 0.000000
 0.280 3.561584 -0.243133 0.000000 -0.172368 0.000000
 0.290 3.414861 -0.233879 0.000000 -0.172520 0.000000
 0.300 3.255392 -0.088399 0.000000 -0.172674 0.000000
 0.310 3.189224 0.016156 0.000000 -0.172799 0.000000
 0.320 3.182669 0.037250 0.000000 -0.172882 0.000000
 0.330 3.179540 0.016693 0.000000 -0.172926 0.000000
 0.340 3.159783 -0.001664 0.000000 -0.172940 0.000000
 0.350 3.136731 -0.005593 0.000000 -0.172936 0.000000
 0.360 3.129013 -0.002374 0.000000 -0.172924 0.000000
 0.370 3.140088 0.000341 0.000000 -0.172910 0.000000
 0.380 3.157675 0.000790 0.000000 -0.172899 0.000000
 0.390 3.166464 0.000281 0.000000 -0.172891 0.000000
 0.400 3.159955 -0.000073 0.000000 -0.172887 0.000000
 0.410 3.143033 -0.000103 0.000000 -0.172886 0.000000
 0.420 3.127098 -0.000028 0.000000 -0.172886 0.000000
 0.430 3.122396 0.000013 0.000000 -0.172887 0.000000
 0.440 3.130233 0.000012 0.000000 -0.172889 0.000000
 0.450 3.139827 0.000002 0.000000 -0.172889 0.000000
 0.460 3.135761 -0.000002 0.000000 -0.172890 0.000000
 0.470 3.112687 -0.000001 0.000000 -0.172890 0.000000
 0.480 3.083022 -0.000000 0.000000 -0.172890 0.000000
 0.490 3.067771 0.000000 0.000000 -0.172890 0.000000
 0.500 3.077497 0.000000 0.000000 -0.172890 0.000000
 0.510 3.101383 -0.000000 0.000000 -0.172890 0.000000
 0.520 3.116507 -0.000000 0.000000 -0.172890 0.000000
 0.530 3.110277 -0.000000 0.000000 -0.172890 0.000000
 0.540 3.092728 0.000000 0.000000 -0.172890 0.000000
 0.550 3.083405 0.000000 0.000000 -0.172890 0.000000
 0.560 3.087908 0.000000 0.000000 -0.172890 0.000000
 0.570 3.093543 -0.000000 0.000000 -0.172890 0.000000
 0.580 3.088118 -0.000000 0.000000 -0.172890 0.000000
 0.590 3.074836 -0.000000 0.000000 -0.172890 0.000000
 0.600 3.064504 0.000000 0.000000 -0.172890 0.000000
 0.610 3.059631 0.000000 0.000000 -0.172890 0.000000
 0.620 3.053260 0.000000 0.000000 -0.172890 0.000000
 0.630 3.041059 -0.000000 0.000000 -0.172890 0.000000
 0.640 3.028105 -0.000000 0.000000 -0.172890 0.000000
 0.650 3.023435 0.000000 0.000000 -0.172890 0.000000
 0.660 3.032044 0.000000 0.000000 -0.172890 0.000000
 0.670 3.052324 0.000000 0.000000 -0.172890 0.000000
 0.680 3.077333 -0.000000 0.000000 -0.172890 0.000000
 0.690 3.097400 -0.000000 0.000000 -0.172890 0.000000
 0.700 3.104900 -0.000000 0.000000 -0.172890 0.000000
 0.710 3.099339 0.000000 0.000000 -0.172890 0.000000
 0.720 3.087199 0.000000 0.000000 -0.172890 0.000000
 0.730 3.075571 0.000000 0.000000 -0.172890 0.000000
 0.740 3.066499 -0.000000 0.000000 -0.172890 0.000000
 0.750 3.058490 -0.000000 0.000000 -0.172890 0.000000
 0.760 3.052638 0.000000 0.000000 -0.172890 0.000000
 0.770 3.055020 0.000000 0.000000 -0.172890 0.000000
 0.780 3.071436 0.000000 0.000000 -0.172890 0.000000
 0.790 3.099337 -0.000000 0.000000 -0.172890 0.000000
 0.800 3.125518 -0.000000 0.000000 -0.172890 0.000000
 0.810 3.133504 -0.000000 0.000000 -0.172890 0.000000
 0.820 3.115420 0.000000 0.000000 -0.172890 0.000000
 0.830 3.077846 0.000000 0.000000 -0.172890 0.000000
 0.840 3.036272 0.000000 0.000000 -0.172890 0.000000
 0.850 3.004317 -0.000000 0.000000 -0.172890 0.000000
 0.860 2.988221 -0.000000 0.000000 -0.172890 0.000000
 0.870 2.988338 0.000000 0.000000 -0.172890 0.000000
 0.880 3.000685 0.000000 0.000000 -0.172890 0.000000
 0.890 3.016320 0.000000 0.000000 -0.172890 0.000000
 0.900 3.024492 -0.000000 0.000000 -0.172890 0.000000
 0.910 3.020696 -0.000000 0.000000 -0.172890 0.000000
 0.920 3.010329 -0.000000 0.000000 -0.172890 0.000000
 0.930 3.001892 0.000000 0.000000 -0.172890 0.000000
 0.940 2.997940 0.000000 0.000000 -0.172890 0.000000
 0.950 2.995791 0.000000 0.000000 -0.172890 0.000000
 0.960 2.996602 -0.000000 0.000000 -0.172890 0.000000
 0.970 3.008765 -0.000000 0.000000 -0.172890 0.000000
 0.980 3.038105 0.000000 0.000000 -0.172890 0.000000
 0.990 3.076061 0.000000 0.000000 -0.172890 0.000000
 1.000 3.102636 0.000000 0.000000 -0.172890 0.000000
 1.010 3.103462 -0.000000 0.000000 -0.172890 0.000000
 1.020 3.082051 -0.000000 0.000000 -0.172890 0.000000
 1.030 3.054062 -0.000000 0.000000 -0.172890 0.000000
 1.040 3.032185 0.000000 0.000000 -0.172890 0.000000
 1.050 3.019279 0.000000 0.000000 -0.172890 0.000000
 1.060 3.013813 0.000000 0.000000 -0.172890 0.000000
 1.070 3.015967 -0.000000 0.000000 -0.172890 0.000000
 1.080 3.025332 -0.000000 0.000000 -0.172890 0.000000
 1.090 3.035747 -0.000000 0.000000 -0.172890 0.000000
 1.100 3.037548 0.000000 0.000000 -0.172890 0.000000
 1.110 3.027614 0.000000 0.000000 -0.172890 0.000000
 1.120 3.017839 -0.000000 0.000000 -0.172890 0.000000
 1.130 3.031222 -0.000000 0.000000 -0.172890 0.000000
 1.140 3.079938 -0.000000 0.000000 -0.172890 0.000000
 1.150 3.136467 0.000000 0.000000 -0.172890 0.000000
 1.160 3.131342 0.000000 0.000000 -0.172890 0.000000
 1.170 3.001022 0.000000 0.000000 -0.172890 0.000000
 1.180 2.751065 -0.000000 0.000000 -0.172890 0.000000
 1.190 2.463344 -0.000000 0.000000 -0.172890 0.000000
 1.200 2.232265 -0.000000 0.000000 -0.172890 0.000000
 1.210 2.099053 0.000000 0.000000 -0.172890 0.000000
 1.220 2.043830 0.000000 0.000000 -0.172890 0.000000
 1.230 2.015560 -0.000000 0.000000 -0.172890 0.000000
 1.240 1.958180 -0.000000 0.000000 -0.172890 0.000000
 1.250 1.834929 -0.000000 0.000000 -0.172890 0.000000
 1.260 1.656448 0.000000 0.000000 -0.172890 0.000000
