 0.000 1.09253
 0.010 1.04824
 0.020 1.04816
 0.030 1.04809
 0.040 1.04804
 0.050 1.04800
 0.060 1.04797
 0.070 1.04795
 0.080 1.04794
 0.090 1.04793
 0.100 1.04793
 0.110 1.04793
 0.120 1.04794
 0.130 1.04795
 0.140 1.04797
 0.150 1.04799
 0.160 1.04802
 0.170 1.04805
 0.180 1.04809
 0.190 1.04813
 0.200 1.04817
 0.210 1.04822
 0.220 1.04826
 0.230 1.04830
 0.240 1.04832
 0.250 1.04832
 0.260 1.04830
 0.270 1.04824
 0.280 1.04813
 0.290 1.04796
 0.300 1.04771
 0.310 1.04736
 0.320 1.04689
 0.330 1.04629
 0.340 1.04554
 0.350 1.04463
 0.360 1.04355
 0.370 1.04229
 0.380 1.04086
 0.390 1.03926
 0.400 1.03750
 0.410 1.03561
 0.420 1.03360
 0.430 1.03149
 0.440 1.02932
 0.450 1.02711
 0.460 1.02490
 0.470 1.02274
 0.480 1.02067
 0.490 1.01873
 0.500 1.01697
 0.510 1.01543
 0.520 1.01416
 0.530 1.01320
 0.540 1.01258
 0.550 1.01234
 0.560 1.01249
 0.570 1.01304
 0.580 1.01401
 0.590 1.01539
 0.600 1.01716
 0.610 1.01931
 0.620 1.02179
 0.630 1.02459
 0.640 1.02767
 0.650 1.03096
 0.660 1.03443
 0.670 1.03802
 0.680 1.04168
 0.690 1.04537
 0.700 1.04902
 0.710 1.05262
 0.720 1.05611
 0.730 1.05947
 0.740 1.06269
 0.750 1.06573
 0.760 1.06861
 0.770 1.07131
 0.780 1.07383
 0.790 1.07618
 0.800 1.07837
 0.810 1.08040
 0.820 1.08228
 0.830 1.08401
 0.840 1.08557
 0.850 1.08697
 0.860 1.08820
 0.870 1.08926
 0.880 1.09012
 0.890 1.09080
 0.900 1.09128
 0.910 1.09158
 0.920 1.09169
 0.930 1.09164
 0.940 1.09143
 0.950 1.09108
 0.960 1.09062
 0.970 1.09006
 0.980 1.08943
 0.990 1.08874
 1.000 1.08803
 1.010 1.08732
 1.020 1.08662
 1.030 1.08594
 1.040 1.08530
 1.050 1.08470
 1.060 1.08415
 1.070 1.08364
 1.080 1.08318
 1.090 1.08278
 1.100 1.08244
 1.110 1.08218
 1.120 1.08199
 1.130 1.08189
 1.140 1.08189
 1.150 1.08198
 1.160 1.08218
 1.170 1.08248
 1.180 1.08287
 1.190 1.08333
 1.200 1.08384
 1.210 1.08437
 1.220 1.08491
 1.230 1.08542
 1.240 1.08590
 1.250 1.08631
 1.260 1.08666
 1.270 1.08694
 1.280 1.08714
 1.290 1.08728
 1.300 1.08736
 1.310 1.08739
 1.320 1.08738
 1.330 1.08734
 1.340 1.08729
 1.350 1.08724
 1.360 1.08720
 1.370 1.08718
 1.380 1.08719
 1.390 1.08723
 1.400 1.08729
 1.410 1.08737
 1.420 1.08747
 1.430 1.08757
 1.440 1.08766
 1.450 1.08775
 1.460 1.08783
 1.470 1.08788
 1.480 1.08791
 1.490 1.08791
 1.500 1.08788
 1.510 1.08780
 1.520 1.08768
 1.530 1.08751
 1.540 1.08729
 1.550 1.08704
 1.560 1.08675
 1.570 1.08644
 1.580 1.08613
 1.590 1.08582
 1.600 1.08552
 1.610 1.08524
 1.620 1.08499
 1.630 1.08476
 1.640 1.08454
 1.650 1.08433
 1.660 1.08412
 1.670 1.08391
 1.680 1.08370
 1.690 1.08348
 1.700 1.08325
 1.710 1.08302
 1.720 1.08279
 1.730 1.08255
 1.740 1.08233
 1.750 1.08213
 1.760 1.08194
 1.770 1.08177
 1.780 1.08163
 1.790 1.08150
 1.800 1.08139
 1.810 1.08129
 1.820 1.08118
 1.830 1.08106
 1.840 1.08091
 1.850 1.08072
 1.860 1.08049
 1.870 1.08018
 1.880 1.07981
 1.890 1.07936
 1.900 1.07883
 1.910 1.07821
 1.920 1.07751
 1.930 1.07673
 1.940 1.07588
 1.950 1.07494
 1.960 1.07393
 1.970 1.07285
 1.980 1.07169
 1.990 1.07046
 2.000 1.06918
 2.010 1.06784
 2.020 1.06645
 2.030 1.06503
 2.040 1.06357
 2.050 1.06209
 2.060 1.06058
 2.070 1.05907
 2.080 1.05755
 2.090 1.05603
 2.100 1.05452
 2.110 1.05303
 2.120 1.05155
 2.130 1.05011
 2.140 1.04870
 2.150 1.04733
 2.160 1.04601
 2.170 1.04473
 2.180 1.04349
 2.190 1.04231
 2.200 1.04117
 2.210 1.04007
 2.220 1.03903
 2.230 1.03803
 2.240 1.03709
 2.250 1.03620
 2.260 1.03539
 2.270 1.03465
 2.280 1.03399
 2.290 1.03344
 2.300 1.03300
 2.310 1.03268
 2.320 1.03250
 2.330 1.03244
 2.340 1.03250
 2.350 1.03267
 2.360 1.03294
 2.370 1.03329
 2.380 1.03371
 2.390 1.03416
 2.400 1.03465
 2.410 1.03515
 2.420 1.03564
 2.430 1.03613
 2.440 1.03659
 2.450 1.03702
 2.460 1.03741
 2.470 1.03777
 2.480 1.03808
 2.490 1.03837
 2.500 1.03862
 2.510 1.03883
 2.520 1.03903
 2.530 1.03919
 2.540 1.03934
 2.550 1.03947
 2.560 1.03958
 2.570 1.03967
 2.580 1.03976
 2.590 1.03984
 2.600 1.03991
 2.610 1.03997
 2.620 1.04004
 2.630 1.04010
 2.640 1.04016
 2.650 1.04022
 2.660 1.04029
 2.670 1.04036
 2.680 1.04044
 2.690 1.04053
 2.700 1.04064
 2.710 1.04076
 2.720 1.04090
 2.730 1.04106
 2.740 1.04125
 2.750 1.04145
 2.760 1.04166
 2.770 1.04190
 2.780 1.04215
 2.790 1.04242
 2.800 1.04270
 2.810 1.04299
 2.820 1.04328
 2.830 1.04358
 2.840 1.04387
 2.850 1.04416
 2.860 1.04444
 2.870 1.04471
 2.880 1.04497
 2.890 1.04521
 2.900 1.04543
 2.910 1.04565
 2.920 1.04585
 2.930 1.04604
 2.940 1.04623
 2.950 1.04641
 2.960 1.04658
 2.970 1.04675
 2.980 1.04691
 2.990 1.04707
 3.000 1.04722
 3.010 1.04737
 3.020 1.04751
 3.030 1.04763
 3.040 1.04774
 3.050 1.04782
 3.060 1.04789
 3.070 1.04793
 3.080 1.04794
 3.090 1.04791
 3.100 1.04785
 3.110 1.04776
 3.120 1.04763
 3.130 1.04747
 3.140 1.04728
 3.150 1.04705
 3.160 1.04679
 3.170 1.04651
 3.180 1.04619
 3.190 1.04584
 3.200 1.04547
 3.210 1.04506
 3.220 1.04464
 3.230 1.04419
 3.240 1.04373
 3.250 1.04326
 3.260 1.04279
 3.270 1.04234
 3.280 1.04190
 3.290 1.04149
 3.300 1.04111
 3.310 1.04077
 3.320 1.04047
 3.330 1.04022
 3.340 1.04002
 3.350 1.03989
 3.360 1.03983
 3.370 1.03985
 3.380 1.03996
 3.390 1.04018
 3.400 1.04050
 3.410 1.04094
 3.420 1.04150
 3.430 1.04219
 3.440 1.04302
 3.450 1.04398
 3.460 1.04507
 3.470 1.04627
 3.480 1.04758
 3.490 1.04898
 3.500 1.05045
 3.510 1.05199
 3.520 1.05356
 3.530 1.05515
 3.540 1.05675
 3.550 1.05833
 3.560 1.05987
 3.570 1.06137
 3.580 1.06279
 3.590 1.06412
 3.600 1.06535
 3.610 1.06647
 3.620 1.06746
 3.630 1.06834
 3.640 1.06910
 3.650 1.06974
 3.660 1.07027
 3.670 1.07069
 3.680 1.07101
 3.690 1.07124
 3.700 1.07137
 3.710 1.07143
 3.720 1.07141
 3.730 1.07131
 3.740 1.07115
 3.750 1.07092
 3.760 1.07063
 3.770 1.07027
 3.780 1.06985
 3.790 1.06938
 3.800 1.06884
 3.810 1.06825
 3.820 1.06761
 3.830 1.06692
 3.840 1.06618
 3.850 1.06540
 3.860 1.06458
 3.870 1.06372
 3.880 1.06284
 3.890 1.06194
 3.900 1.06103
 3.910 1.06014
 3.920 1.05928
 3.930 1.05847
 3.940 1.05773
 3.950 1.05709
 3.960 1.05657
 3.970 1.05620
 3.980 1.05599
 3.990 1.05597
 4.000 1.05615
 4.010 1.05655
 4.020 1.05718
 4.030 1.05804
 4.040 1.05915
 4.050 1.06049
 4.060 1.06206
 4.070 1.06385
 4.080 1.06583
 4.090 1.06798
 4.100 1.07026
 4.110 1.07265
 4.120 1.07509
 4.130 1.07756
 4.140 1.08002
 4.150 1.08244
 4.160 1.08476
 4.170 1.08698
 4.180 1.08905
 4.190 1.09096
 4.200 1.09268
 4.210 1.09420
 4.220 1.09552
 4.230 1.09664
 4.240 1.09755
 4.250 1.09828
 4.260 1.09883
 4.270 1.09921
 4.280 1.09943
 4.290 1.09951
 4.300 1.09944
 4.310 1.09922
 4.320 1.09887
 4.330 1.09837
 4.340 1.09772
 4.350 1.09693
 4.360 1.09600
 4.370 1.09493
 4.380 1.09374
 4.390 1.09246
 4.400 1.09110
 4.410 1.08970
 4.420 1.08829
 4.430 1.08689
 4.440 1.08555
 4.450 1.08429
 4.460 1.08314
 4.470 1.08210
 4.480 1.08119
 4.490 1.08041
 4.500 1.07975
 4.510 1.07921
 4.520 1.07877
 4.530 1.07842
 4.540 1.07816
 4.550 1.07798
 4.560 1.07787
 4.570 1.07785
 4.580 1.07792
 4.590 1.07810
 4.600 1.07839
 4.610 1.07879
 4.620 1.07931
 4.630 1.07994
 4.640 1.08065
 4.650 1.08144
 4.660 1.08227
 4.670 1.08314
 4.680 1.08402
 4.690 1.08489
 4.700 1.08574
 4.710 1.08654
 4.720 1.08728
 4.730 1.08796
 4.740 1.08857
 4.750 1.08910
 4.760 1.08955
 4.770 1.08993
 4.780 1.09024
 4.790 1.09048
 4.800 1.09067
 4.810 1.09082
 4.820 1.09093
 4.830 1.09101
 4.840 1.09108
 4.850 1.09112
 4.860 1.09114
 4.870 1.09114
 4.880 1.09112
 4.890 1.09106
 4.900 1.09097
 4.910 1.09082
 4.920 1.09063
 4.930 1.09038
 4.940 1.09008
 4.950 1.08973
 4.960 1.08934
 4.970 1.08890
 4.980 1.08842
 4.990 1.08793
 5.000 1.08741
 5.010 1.08689
 5.020 1.08638
 5.030 1.08588
 5.040 1.08540
 5.050 1.08496
 5.060 1.08455
 5.070 1.08419
 5.080 1.08388
 5.090 1.08362
 5.100 1.08343
 5.110 1.08330
 5.120 1.08324
 5.130 1.08326
 5.140 1.08335
 5.150 1.08351
 5.160 1.08375
 5.170 1.08404
 5.180 1.08439
 5.190 1.08478
 5.200 1.08520
 5.210 1.08563
 5.220 1.08607
 5.230 1.08648
 5.240 1.08686
 5.250 1.08717
 5.260 1.08739
 5.270 1.08749
 5.280 1.08743
 5.290 1.08719
 5.300 1.08673
 5.310 1.08601
 5.320 1.08501
 5.330 1.08371
 5.340 1.08208
 5.350 1.08012
 5.360 1.07782
 5.370 1.07520
 5.380 1.07227
 5.390 1.06906
 5.400 1.06563
 5.410 1.06201
 5.420 1.05827
 5.430 1.05447
 5.440 1.05068
 5.450 1.04699
 5.460 1.04344
 5.470 1.04011
 5.480 1.03704
 5.490 1.03429
 5.500 1.03190
 5.510 1.02987
 5.520 1.02824
 5.530 1.02700
 5.540 1.02616
 5.550 1.02571
 5.560 1.02562
 5.570 1.02587
 5.580 1.02643
 5.590 1.02725
 5.600 1.02830
 5.610 1.02951
 5.620 1.03085
 5.630 1.03226
 5.640 1.03368
 5.650 1.03509
 5.660 1.03644
 5.670 1.03771
 5.680 1.03887
 5.690 1.03991
 5.700 1.04082
 5.710 1.04160
 5.720 1.04225
 5.730 1.04277
 5.740 1.04316
 5.750 1.04345
 5.760 1.04365
 5.770 1.04377
 5.780 1.04383
 5.790 1.04385
 5.800 1.04385
 5.810 1.04384
 5.820 1.04385
 5.830 1.04389
 5.840 1.04397
 5.850 1.04408
 5.860 1.04425
 5.870 1.04445
 5.880 1.04469
 5.890 1.04498
 5.900 1.04529
 5.910 1.04562
 5.920 1.04596
 5.930 1.04630
 5.940 1.04663
 5.950 1.04693
 5.960 1.04720
 5.970 1.04743
 5.980 1.04761
 5.990 1.04774
 6.000 1.04782
 6.010 1.04785
 6.020 1.04784
 6.030 1.04778
 6.040 1.04768
 6.050 1.04755
 6.060 1.04738
 6.070 1.04718
 6.080 1.04695
 6.090 1.04670
 6.100 1.04643
 6.110 1.04613
 6.120 1.04582
 6.130 1.04548
 6.140 1.04512
 6.150 1.04474
