 0.000 -0.64491
 0.010 -0.64448
 0.020 -0.64403
 0.030 -0.64357
 0.040 -0.64309
 0.050 -0.64260
 0.060 -0.64211
 0.070 -0.64162
 0.080 -0.64115
 0.090 -0.64069
 0.100 -0.64026
 0.110 -0.63985
 0.120 -0.63946
 0.130 -0.63910
 0.140 -0.63876
 0.150 -0.63844
 0.160 -0.63814
 0.170 -0.63787
 0.180 -0.63762
 0.190 -0.63741
 0.200 -0.63724
 0.210 -0.63714
 0.220 -0.63713
 0.230 -0.63723
 0.240 -0.63747
 0.250 -0.63788
 0.260 -0.63850
 0.270 -0.63936
 0.280 -0.64049
 0.290 -0.64193
 0.300 -0.64368
 0.310 -0.64578
 0.320 -0.64823
 0.330 -0.65104
 0.340 -0.65419
 0.350 -0.65768
 0.360 -0.66145
 0.370 -0.66549
 0.380 -0.66972
 0.390 -0.67407
 0.400 -0.67848
 0.410 -0.68285
 0.420 -0.68707
 0.430 -0.69102
 0.440 -0.69456
 0.450 -0.69756
 0.460 -0.69985
 0.470 -0.70124
 0.480 -0.70155
 0.490 -0.70057
 0.500 -0.69810
 0.510 -0.69394
 0.520 -0.68789
 0.530 -0.67980
 0.540 -0.66954
 0.550 -0.65702
 0.560 -0.64221
 0.570 -0.62514
 0.580 -0.60588
 0.590 -0.58459
 0.600 -0.56148
 0.610 -0.53681
 0.620 -0.51093
 0.630 -0.48420
 0.640 -0.45698
 0.650 -0.42965
 0.660 -0.40257
 0.670 -0.37603
 0.680 -0.35030
 0.690 -0.32555
 0.700 -0.30192
 0.710 -0.27950
 0.720 -0.25834
 0.730 -0.23844
 0.740 -0.21977
 0.750 -0.20228
 0.760 -0.18586
 0.770 -0.17041
 0.780 -0.15578
 0.790 -0.14184
 0.800 -0.12845
 0.810 -0.11549
 0.820 -0.10286
 0.830 -0.09049
 0.840 -0.07832
 0.850 -0.06632
 0.860 -0.05447
 0.870 -0.04277
 0.880 -0.03123
 0.890 -0.01985
 0.900 -0.00861
 0.910 0.00247
 0.920 0.01342
 0.930 0.02427
 0.940 0.03503
 0.950 0.04574
 0.960 0.05642
 0.970 0.06708
 0.980 0.07771
 0.990 0.08830
 1.000 0.09882
 1.010 0.10920
 1.020 0.11939
 1.030 0.12928
 1.040 0.13879
 1.050 0.14782
 1.060 0.15626
 1.070 0.16400
 1.080 0.17092
 1.090 0.17690
 1.100 0.18183
 1.110 0.18562
 1.120 0.18821
 1.130 0.18957
 1.140 0.18974
 1.150 0.18876
 1.160 0.18672
 1.170 0.18375
 1.180 0.17994
 1.190 0.17541
 1.200 0.17026
 1.210 0.16457
 1.220 0.15841
 1.230 0.15187
 1.240 0.14502
 1.250 0.13795
 1.260 0.13074
 1.270 0.12348
 1.280 0.11625
 1.290 0.10913
 1.300 0.10217
 1.310 0.09544
 1.320 0.08899
 1.330 0.08285
 1.340 0.07707
 1.350 0.07168
 1.360 0.06670
 1.370 0.06215
 1.380 0.05803
 1.390 0.05432
 1.400 0.05097
 1.410 0.04795
 1.420 0.04522
 1.430 0.04272
 1.440 0.04043
 1.450 0.03832
 1.460 0.03638
 1.470 0.03456
 1.480 0.03287
 1.490 0.03126
 1.500 0.02971
 1.510 0.02818
 1.520 0.02664
 1.530 0.02504
 1.540 0.02336
 1.550 0.02156
 1.560 0.01960
 1.570 0.01742
 1.580 0.01497
 1.590 0.01218
 1.600 0.00896
 1.610 0.00526
 1.620 0.00102
 1.630 -0.00378
 1.640 -0.00918
 1.650 -0.01515
 1.660 -0.02169
 1.670 -0.02879
 1.680 -0.03642
 1.690 -0.04459
 1.700 -0.05329
 1.710 -0.06255
 1.720 -0.07238
 1.730 -0.08281
 1.740 -0.09384
 1.750 -0.10549
 1.760 -0.11774
 1.770 -0.13056
 1.780 -0.14390
 1.790 -0.15773
 1.800 -0.17196
 1.810 -0.18654
 1.820 -0.20140
 1.830 -0.21647
 1.840 -0.23170
 1.850 -0.24703
 1.860 -0.26241
 1.870 -0.27779
 1.880 -0.29312
 1.890 -0.30838
 1.900 -0.32354
 1.910 -0.33857
 1.920 -0.35347
 1.930 -0.36822
 1.940 -0.38280
 1.950 -0.39720
 1.960 -0.41143
 1.970 -0.42548
 1.980 -0.43936
 1.990 -0.45309
 2.000 -0.46669
 2.010 -0.48014
 2.020 -0.49348
 2.030 -0.50668
 2.040 -0.51975
 2.050 -0.53265
 2.060 -0.54536
 2.070 -0.55784
 2.080 -0.57006
 2.090 -0.58198
 2.100 -0.59358
 2.110 -0.60482
 2.120 -0.61570
 2.130 -0.62620
 2.140 -0.63632
 2.150 -0.64604
 2.160 -0.65536
 2.170 -0.66428
 2.180 -0.67278
 2.190 -0.68086
 2.200 -0.68851
 2.210 -0.69569
 2.220 -0.70239
 2.230 -0.70858
 2.240 -0.71421
 2.250 -0.71926
 2.260 -0.72368
 2.270 -0.72744
 2.280 -0.73048
 2.290 -0.73277
 2.300 -0.73428
 2.310 -0.73499
 2.320 -0.73493
 2.330 -0.73411
 2.340 -0.73259
 2.350 -0.73045
 2.360 -0.72776
 2.370 -0.72461
 2.380 -0.72110
 2.390 -0.71731
 2.400 -0.71333
 2.410 -0.70925
 2.420 -0.70514
 2.430 -0.70107
 2.440 -0.69710
 2.450 -0.69327
 2.460 -0.68960
 2.470 -0.68611
 2.480 -0.68281
 2.490 -0.67969
 2.500 -0.67674
 2.510 -0.67394
 2.520 -0.67128
 2.530 -0.66875
 2.540 -0.66631
 2.550 -0.66397
 2.560 -0.66170
 2.570 -0.65949
 2.580 -0.65733
 2.590 -0.65523
 2.600 -0.65319
 2.610 -0.65120
 2.620 -0.64930
 2.630 -0.64748
 2.640 -0.64577
 2.650 -0.64419
 2.660 -0.64277
 2.670 -0.64152
 2.680 -0.64044
 2.690 -0.63954
 2.700 -0.63882
 2.710 -0.63825
 2.720 -0.63782
 2.730 -0.63751
 2.740 -0.63727
 2.750 -0.63709
 2.760 -0.63695
 2.770 -0.63683
 2.780 -0.63672
 2.790 -0.63661
 2.800 -0.63650
 2.810 -0.63640
 2.820 -0.63631
 2.830 -0.63625
 2.840 -0.63622
 2.850 -0.63624
 2.860 -0.63632
 2.870 -0.63646
 2.880 -0.63667
 2.890 -0.63696
 2.900 -0.63732
 2.910 -0.63777
 2.920 -0.63831
 2.930 -0.63894
 2.940 -0.63967
 2.950 -0.64052
 2.960 -0.64148
 2.970 -0.64259
 2.980 -0.64384
 2.990 -0.64526
 3.000 -0.64686
 3.010 -0.64866
 3.020 -0.65066
 3.030 -0.65289
 3.040 -0.65534
 3.050 -0.65801
 3.060 -0.66090
 3.070 -0.66399
 3.080 -0.66725
 3.090 -0.67064
 3.100 -0.67413
 3.110 -0.67766
 3.120 -0.68119
 3.130 -0.68466
 3.140 -0.68801
 3.150 -0.69121
 3.160 -0.69422
 3.170 -0.69700
 3.180 -0.69954
 3.190 -0.70183
 3.200 -0.70388
 3.210 -0.70570
 3.220 -0.70731
 3.230 -0.70873
 3.240 -0.70997
 3.250 -0.71104
 3.260 -0.71192
 3.270 -0.71260
 3.280 -0.71304
 3.290 -0.71320
 3.300 -0.71302
 3.310 -0.71247
 3.320 -0.71145
 3.330 -0.70993
 3.340 -0.70781
 3.350 -0.70506
 3.360 -0.70160
 3.370 -0.69741
 3.380 -0.69246
 3.390 -0.68671
 3.400 -0.68018
 3.410 -0.67287
 3.420 -0.66480
 3.430 -0.65601
 3.440 -0.64652
 3.450 -0.63641
 3.460 -0.62571
 3.470 -0.61448
 3.480 -0.60280
 3.490 -0.59074
 3.500 -0.57835
 3.510 -0.56573
 3.520 -0.55293
 3.530 -0.54004
 3.540 -0.52711
 3.550 -0.51422
 3.560 -0.50146
 3.570 -0.48889
 3.580 -0.47658
 3.590 -0.46460
 3.600 -0.45303
 3.610 -0.44192
 3.620 -0.43132
 3.630 -0.42128
 3.640 -0.41183
 3.650 -0.40300
 3.660 -0.39483
 3.670 -0.38735
 3.680 -0.38057
 3.690 -0.37453
 3.700 -0.36926
 3.710 -0.36476
 3.720 -0.36108
 3.730 -0.35821
 3.740 -0.35618
 3.750 -0.35499
 3.760 -0.35466
 3.770 -0.35519
 3.780 -0.35659
 3.790 -0.35886
 3.800 -0.36202
 3.810 -0.36607
 3.820 -0.37101
 3.830 -0.37681
 3.840 -0.38343
 3.850 -0.39080
 3.860 -0.39879
 3.870 -0.40725
 3.880 -0.41599
 3.890 -0.42477
 3.900 -0.43333
 3.910 -0.44140
 3.920 -0.44869
 3.930 -0.45490
 3.940 -0.45977
 3.950 -0.46304
 3.960 -0.46447
 3.970 -0.46389
 3.980 -0.46115
 3.990 -0.45617
 4.000 -0.44890
 4.010 -0.43939
 4.020 -0.42770
 4.030 -0.41396
 4.040 -0.39837
 4.050 -0.38113
 4.060 -0.36250
 4.070 -0.34274
 4.080 -0.32212
 4.090 -0.30089
 4.100 -0.27929
 4.110 -0.25753
 4.120 -0.23579
 4.130 -0.21427
 4.140 -0.19311
 4.150 -0.17251
 4.160 -0.15265
 4.170 -0.13372
 4.180 -0.11591
 4.190 -0.09940
 4.200 -0.08436
 4.210 -0.07089
 4.220 -0.05906
 4.230 -0.04886
 4.240 -0.04020
 4.250 -0.03294
 4.260 -0.02686
 4.270 -0.02172
 4.280 -0.01724
 4.290 -0.01315
 4.300 -0.00920
 4.310 -0.00516
 4.320 -0.00086
 4.330 0.00381
 4.340 0.00890
 4.350 0.01441
 4.360 0.02030
 4.370 0.02649
 4.380 0.03291
 4.390 0.03944
 4.400 0.04599
 4.410 0.05247
 4.420 0.05880
 4.430 0.06492
 4.440 0.07077
 4.450 0.07630
 4.460 0.08145
 4.470 0.08615
 4.480 0.09038
 4.490 0.09411
 4.500 0.09733
 4.510 0.10004
 4.520 0.10226
 4.530 0.10399
 4.540 0.10525
 4.550 0.10605
 4.560 0.10638
 4.570 0.10626
 4.580 0.10568
 4.590 0.10467
 4.600 0.10322
 4.610 0.10136
 4.620 0.09911
 4.630 0.09650
 4.640 0.09358
 4.650 0.09036
 4.660 0.08687
 4.670 0.08314
 4.680 0.07920
 4.690 0.07507
 4.700 0.07077
 4.710 0.06634
 4.720 0.06178
 4.730 0.05711
 4.740 0.05234
 4.750 0.04748
 4.760 0.04252
 4.770 0.03748
 4.780 0.03237
 4.790 0.02723
 4.800 0.02209
 4.810 0.01700
 4.820 0.01202
 4.830 0.00719
 4.840 0.00254
 4.850 -0.00190
 4.860 -0.00611
 4.870 -0.01009
 4.880 -0.01385
 4.890 -0.01742
 4.900 -0.02082
 4.910 -0.02410
 4.920 -0.02729
 4.930 -0.03043
 4.940 -0.03355
 4.950 -0.03669
 4.960 -0.03989
 4.970 -0.04319
 4.980 -0.04666
 4.990 -0.05034
 5.000 -0.05430
 5.010 -0.05859
 5.020 -0.06325
 5.030 -0.06832
 5.040 -0.07383
 5.050 -0.07979
 5.060 -0.08621
 5.070 -0.09310
 5.080 -0.10047
 5.090 -0.10832
 5.100 -0.11666
 5.110 -0.12551
 5.120 -0.13488
 5.130 -0.14476
 5.140 -0.15519
 5.150 -0.16615
 5.160 -0.17764
 5.170 -0.18966
 5.180 -0.20220
 5.190 -0.21525
 5.200 -0.22878
 5.210 -0.24281
 5.220 -0.25731
 5.230 -0.27230
 5.240 -0.28779
 5.250 -0.30378
 5.260 -0.32029
 5.270 -0.33732
 5.280 -0.35485
 5.290 -0.37287
 5.300 -0.39133
 5.310 -0.41020
 5.320 -0.42942
 5.330 -0.44895
 5.340 -0.46873
 5.350 -0.48868
 5.360 -0.50874
 5.370 -0.52880
 5.380 -0.54876
 5.390 -0.56852
 5.400 -0.58793
 5.410 -0.60689
 5.420 -0.62527
 5.430 -0.64294
 5.440 -0.65979
 5.450 -0.67571
 5.460 -0.69061
 5.470 -0.70440
 5.480 -0.71701
 5.490 -0.72837
 5.500 -0.73845
 5.510 -0.74721
 5.520 -0.75464
 5.530 -0.76075
 5.540 -0.76557
 5.550 -0.76912
 5.560 -0.77148
 5.570 -0.77272
 5.580 -0.77295
 5.590 -0.77227
 5.600 -0.77081
 5.610 -0.76868
 5.620 -0.76600
 5.630 -0.76286
 5.640 -0.75937
 5.650 -0.75561
 5.660 -0.75164
 5.670 -0.74753
 5.680 -0.74332
 5.690 -0.73908
 5.700 -0.73484
 5.710 -0.73064
 5.720 -0.72652
 5.730 -0.72251
 5.740 -0.71861
 5.750 -0.71485
 5.760 -0.71124
 5.770 -0.70775
 5.780 -0.70438
 5.790 -0.70111
 5.800 -0.69789
 5.810 -0.69470
 5.820 -0.69150
 5.830 -0.68827
 5.840 -0.68497
 5.850 -0.68160
 5.860 -0.67814
 5.870 -0.67460
 5.880 -0.67099
 5.890 -0.66734
 5.900 -0.66367
 5.910 -0.66002
 5.920 -0.65646
 5.930 -0.65302
 5.940 -0.64976
 5.950 -0.64673
 5.960 -0.64397
 5.970 -0.64152
 5.980 -0.63944
 5.990 -0.63774
 6.000 -0.63644
 6.010 -0.63555
 6.020 -0.63505
 6.030 -0.63490
 6.040 -0.63508
 6.050 -0.63553
 6.060 -0.63620
 6.070 -0.63701
 6.080 -0.63789
 6.090 -0.63877
 6.100 -0.63957
 6.110 -0.64022
 6.120 -0.64066
 6.130 -0.64085
 6.140 -0.64076
 6.150 -0.64038
