 0.000 3.97738
 0.010 3.97730
 0.020 3.97724
 0.030 3.97717
 0.040 3.97709
 0.050 3.97700
 0.060 3.97689
 0.070 3.97678
 0.080 3.97666
 0.090 3.97653
 0.100 3.97641
 0.110 3.97630
 0.120 3.97620
 0.130 3.97611
 0.140 3.97604
 0.150 3.97600
 0.160 3.97599
 0.170 3.97603
 0.180 3.97609
 0.190 3.97618
 0.200 3.97628
 0.210 3.97637
 0.220 3.97643
 0.230 3.97646
 0.240 3.97645
 0.250 3.97639
 0.260 3.97628
 0.270 3.97611
 0.280 3.97587
 0.290 3.97554
 0.300 3.97513
 0.310 3.97463
 0.320 3.97405
 0.330 3.97339
 0.340 3.97268
 0.350 3.97191
 0.360 3.97109
 0.370 3.97024
 0.380 3.96934
 0.390 3.96839
 0.400 3.96740
 0.410 3.96634
 0.420 3.96516
 0.430 3.96383
 0.440 3.96228
 0.450 3.96047
 0.460 3.95833
 0.470 3.95581
 0.480 3.95286
 0.490 3.94943
 0.500 3.94551
 0.510 3.94107
 0.520 3.93613
 0.530 3.93072
 0.540 3.92489
 0.550 3.91871
 0.560 3.91225
 0.570 3.90557
 0.580 3.89877
 0.590 3.89191
 0.600 3.88506
 0.610 3.87830
 0.620 3.87168
 0.630 3.86527
 0.640 3.85911
 0.650 3.85324
 0.660 3.84773
 0.670 3.84258
 0.680 3.83783
 0.690 3.83346
 0.700 3.82948
 0.710 3.82585
 0.720 3.82253
 0.730 3.81948
 0.740 3.81666
 0.750 3.81402
 0.760 3.81158
 0.770 3.80932
 0.780 3.80729
 0.790 3.80550
 0.800 3.80396
 0.810 3.80262
 0.820 3.80144
 0.830 3.80031
 0.840 3.79913
 0.850 3.79779
 0.860 3.79619
 0.870 3.79424
 0.880 3.79186
 0.890 3.78901
 0.900 3.78565
 0.910 3.78175
 0.920 3.77732
 0.930 3.77236
 0.940 3.76691
 0.950 3.76105
 0.960 3.75486
 0.970 3.74843
 0.980 3.74187
 0.990 3.73528
 1.000 3.72874
 1.010 3.72230
 1.020 3.71603
 1.030 3.70994
 1.040 3.70404
 1.050 3.69833
 1.060 3.69281
 1.070 3.68748
 1.080 3.68235
 1.090 3.67744
 1.100 3.67277
 1.110 3.66838
 1.120 3.66433
 1.130 3.66072
 1.140 3.65762
 1.150 3.65512
 1.160 3.65324
 1.170 3.65197
 1.180 3.65126
 1.190 3.65104
 1.200 3.65121
 1.210 3.65170
 1.220 3.65243
 1.230 3.65337
 1.240 3.65452
 1.250 3.65587
 1.260 3.65745
 1.270 3.65929
 1.280 3.66141
 1.290 3.66383
 1.300 3.66655
 1.310 3.66957
 1.320 3.67287
 1.330 3.67642
 1.340 3.68019
 1.350 3.68414
 1.360 3.68822
 1.370 3.69238
 1.380 3.69658
 1.390 3.70078
 1.400 3.70491
 1.410 3.70895
 1.420 3.71287
 1.430 3.71667
 1.440 3.72036
 1.450 3.72398
 1.460 3.72755
 1.470 3.73111
 1.480 3.73468
 1.490 3.73826
 1.500 3.74185
 1.510 3.74544
 1.520 3.74903
 1.530 3.75260
 1.540 3.75613
 1.550 3.75965
 1.560 3.76316
 1.570 3.76669
 1.580 3.77028
 1.590 3.77396
 1.600 3.77774
 1.610 3.78166
 1.620 3.78570
 1.630 3.78985
 1.640 3.79408
 1.650 3.79838
 1.660 3.80270
 1.670 3.80704
 1.680 3.81138
 1.690 3.81573
 1.700 3.82008
 1.710 3.82446
 1.720 3.82886
 1.730 3.83331
 1.740 3.83779
 1.750 3.84229
 1.760 3.84682
 1.770 3.85134
 1.780 3.85587
 1.790 3.86038
 1.800 3.86488
 1.810 3.86935
 1.820 3.87380
 1.830 3.87820
 1.840 3.88252
 1.850 3.88677
 1.860 3.89093
 1.870 3.89501
 1.880 3.89901
 1.890 3.90294
 1.900 3.90680
 1.910 3.91059
 1.920 3.91431
 1.930 3.91798
 1.940 3.92159
 1.950 3.92514
 1.960 3.92862
 1.970 3.93200
 1.980 3.93527
 1.990 3.93839
 2.000 3.94134
 2.010 3.94413
 2.020 3.94675
 2.030 3.94920
 2.040 3.95149
 2.050 3.95363
 2.060 3.95562
 2.070 3.95747
 2.080 3.95918
 2.090 3.96077
 2.100 3.96222
 2.110 3.96354
 2.120 3.96474
 2.130 3.96584
 2.140 3.96688
 2.150 3.96789
 2.160 3.96888
 2.170 3.96986
 2.180 3.97082
 2.190 3.97174
 2.200 3.97258
 2.210 3.97332
 2.220 3.97392
 2.230 3.97437
 2.240 3.97469
 2.250 3.97491
 2.260 3.97507
 2.270 3.97520
 2.280 3.97536
 2.290 3.97557
 2.300 3.97586
 2.310 3.97625
 2.320 3.97674
 2.330 3.97729
 2.340 3.97788
 2.350 3.97844
 2.360 3.97892
 2.370 3.97930
 2.380 3.97954
 2.390 3.97964
 2.400 3.97960
 2.410 3.97944
 2.420 3.97920
 2.430 3.97889
 2.440 3.97856
 2.450 3.97826
 2.460 3.97802
 2.470 3.97789
 2.480 3.97789
 2.490 3.97802
 2.500 3.97826
 2.510 3.97860
 2.520 3.97899
 2.530 3.97941
 2.540 3.97982
 2.550 3.98018
 2.560 3.98047
 2.570 3.98068
 2.580 3.98081
 2.590 3.98085
 2.600 3.98081
 2.610 3.98069
 2.620 3.98049
 2.630 3.98023
 2.640 3.97993
 2.650 3.97962
 2.660 3.97934
 2.670 3.97912
 2.680 3.97900
 2.690 3.97899
 2.700 3.97911
 2.710 3.97935
 2.720 3.97969
 2.730 3.98011
 2.740 3.98055
 2.750 3.98096
 2.760 3.98132
 2.770 3.98157
 2.780 3.98169
 2.790 3.98167
 2.800 3.98151
 2.810 3.98122
 2.820 3.98083
 2.830 3.98037
 2.840 3.97989
 2.850 3.97941
 2.860 3.97895
 2.870 3.97855
 2.880 3.97820
 2.890 3.97793
 2.900 3.97775
 2.910 3.97766
 2.920 3.97765
 2.930 3.97773
 2.940 3.97789
 2.950 3.97809
 2.960 3.97832
 2.970 3.97854
 2.980 3.97873
 2.990 3.97887
 3.000 3.97895
 3.010 3.97894
 3.020 3.97881
 3.030 3.97855
 3.040 3.97812
 3.050 3.97751
 3.060 3.97672
 3.070 3.97576
 3.080 3.97466
 3.090 3.97344
 3.100 3.97213
 3.110 3.97077
 3.120 3.96936
 3.130 3.96793
 3.140 3.96650
 3.150 3.96507
 3.160 3.96366
 3.170 3.96229
 3.180 3.96095
 3.190 3.95964
 3.200 3.95837
 3.210 3.95711
 3.220 3.95589
 3.230 3.95468
 3.240 3.95348
 3.250 3.95224
 3.260 3.95093
 3.270 3.94949
 3.280 3.94790
 3.290 3.94610
 3.300 3.94410
 3.310 3.94191
 3.320 3.93955
 3.330 3.93705
 3.340 3.93443
 3.350 3.93174
 3.360 3.92900
 3.370 3.92625
 3.380 3.92352
 3.390 3.92084
 3.400 3.91826
 3.410 3.91578
 3.420 3.91343
 3.430 3.91121
 3.440 3.90915
 3.450 3.90728
 3.460 3.90562
 3.470 3.90423
 3.480 3.90314
 3.490 3.90239
 3.500 3.90203
 3.510 3.90212
 3.520 3.90272
 3.530 3.90391
 3.540 3.90573
 3.550 3.90825
 3.560 3.91150
 3.570 3.91546
 3.580 3.92011
 3.590 3.92535
 3.600 3.93105
 3.610 3.93707
 3.620 3.94320
 3.630 3.94928
 3.640 3.95511
 3.650 3.96054
 3.660 3.96544
 3.670 3.96972
 3.680 3.97335
 3.690 3.97632
 3.700 3.97863
 3.710 3.98034
 3.720 3.98149
 3.730 3.98216
 3.740 3.98245
 3.750 3.98247
 3.760 3.98237
 3.770 3.98228
 3.780 3.98238
 3.790 3.98284
 3.800 3.98384
 3.810 3.98555
 3.820 3.98813
 3.830 3.99174
 3.840 3.99649
 3.850 4.00247
 3.860 4.00972
 3.870 4.01820
 3.880 4.02778
 3.890 4.03823
 3.900 4.04918
 3.910 4.06014
 3.920 4.07049
 3.930 4.07951
 3.940 4.08641
 3.950 4.09040
 3.960 4.09073
 3.970 4.08679
 3.980 4.07813
 3.990 4.06450
 4.000 4.04589
 4.010 4.02250
 4.020 3.99472
 4.030 3.96311
 4.040 3.92835
 4.050 3.89123
 4.060 3.85262
 4.070 3.81342
 4.080 3.77458
 4.090 3.73703
 4.100 3.70165
 4.110 3.66923
 4.120 3.64048
 4.130 3.61595
 4.140 3.59606
 4.150 3.58109
 4.160 3.57120
 4.170 3.56645
 4.180 3.56681
 4.190 3.57221
 4.200 3.58258
 4.210 3.59784
 4.220 3.61788
 4.230 3.64262
 4.240 3.67194
 4.250 3.70566
 4.260 3.74354
 4.270 3.78520
 4.280 3.83009
 4.290 3.87748
 4.300 3.92644
 4.310 3.97590
 4.320 4.02469
 4.330 4.07162
 4.340 4.11557
 4.350 4.15555
 4.360 4.19070
 4.370 4.22031
 4.380 4.24375
 4.390 4.26047
 4.400 4.26992
 4.410 4.27166
 4.420 4.26530
 4.430 4.25060
 4.440 4.22755
 4.450 4.19646
 4.460 4.15807
 4.470 4.11349
 4.480 4.06412
 4.490 4.01154
 4.500 3.95736
 4.510 3.90313
 4.520 3.85021
 4.530 3.79971
 4.540 3.75245
 4.550 3.70899
 4.560 3.66961
 4.570 3.63443
 4.580 3.60337
 4.590 3.57621
 4.600 3.55258
 4.610 3.53206
 4.620 3.51422
 4.630 3.49863
 4.640 3.48492
 4.650 3.47277
 4.660 3.46194
 4.670 3.45225
 4.680 3.44361
 4.690 3.43600
 4.700 3.42946
 4.710 3.42403
 4.720 3.41981
 4.730 3.41686
 4.740 3.41529
 4.750 3.41517
 4.760 3.41663
 4.770 3.41979
 4.780 3.42479
 4.790 3.43176
 4.800 3.44082
 4.810 3.45207
 4.820 3.46557
 4.830 3.48134
 4.840 3.49934
 4.850 3.51947
 4.860 3.54152
 4.870 3.56521
 4.880 3.59017
 4.890 3.61595
 4.900 3.64206
 4.910 3.66796
 4.920 3.69313
 4.930 3.71707
 4.940 3.73932
 4.950 3.75950
 4.960 3.77734
 4.970 3.79267
 4.980 3.80538
 4.990 3.81546
 5.000 3.82294
 5.010 3.82790
 5.020 3.83048
 5.030 3.83088
 5.040 3.82935
 5.050 3.82616
 5.060 3.82161
 5.070 3.81600
 5.080 3.80965
 5.090 3.80286
 5.100 3.79593
 5.110 3.78911
 5.120 3.78260
 5.130 3.77660
 5.140 3.77124
 5.150 3.76660
 5.160 3.76275
 5.170 3.75974
 5.180 3.75760
 5.190 3.75635
 5.200 3.75602
 5.210 3.75663
 5.220 3.75816
 5.230 3.76060
 5.240 3.76390
 5.250 3.76798
 5.260 3.77275
 5.270 3.77811
 5.280 3.78396
 5.290 3.79017
 5.300 3.79663
 5.310 3.80324
 5.320 3.80988
 5.330 3.81643
 5.340 3.82278
 5.350 3.82882
 5.360 3.83444
 5.370 3.83956
 5.380 3.84411
 5.390 3.84803
 5.400 3.85131
 5.410 3.85395
 5.420 3.85596
 5.430 3.85741
 5.440 3.85838
 5.450 3.85897
 5.460 3.85929
 5.470 3.85948
 5.480 3.85965
 5.490 3.85991
 5.500 3.86033
 5.510 3.86097
 5.520 3.86185
 5.530 3.86296
 5.540 3.86431
 5.550 3.86586
 5.560 3.86758
 5.570 3.86940
 5.580 3.87127
 5.590 3.87312
 5.600 3.87488
 5.610 3.87645
 5.620 3.87779
 5.630 3.87884
 5.640 3.87957
 5.650 3.87997
 5.660 3.88006
 5.670 3.87986
 5.680 3.87943
 5.690 3.87882
 5.700 3.87812
 5.710 3.87740
 5.720 3.87674
 5.730 3.87617
 5.740 3.87574
 5.750 3.87545
 5.760 3.87532
 5.770 3.87532
 5.780 3.87547
 5.790 3.87579
 5.800 3.87634
 5.810 3.87724
 5.820 3.87868
 5.830 3.88091
 5.840 3.88429
 5.850 3.88924
 5.860 3.89629
 5.870 3.90601
 5.880 3.91906
 5.890 3.93609
 5.900 3.95780
 5.910 3.98481
 5.920 4.01768
 5.930 4.05688
 5.940 4.10273
 5.950 4.15539
 5.960 4.21486
 5.970 4.28098
 5.980 4.35342
 5.990 4.43171
 6.000 4.51527
 6.010 4.60344
 6.020 4.69551
 6.030 4.79072
 6.040 4.88827
 6.050 4.98733
 6.060 5.08702
 6.070 5.18641
 6.080 5.28448
 6.090 5.38015
 6.100 5.47230
 6.110 5.55981
 6.120 5.64163
 6.130 5.71683
 6.140 5.78461
 6.150 5.84439
