  0.00   0.40
  0.10   0.33
  0.20   0.29
  0.30   0.25
  0.40   0.22
  0.50   0.19
  0.60   0.18
  0.70   0.18
  0.80   0.19
  0.90   0.21
  1.00   0.23
  1.10   0.26
  1.20   0.28
  1.30   0.29
  1.40   0.27
  1.50   0.27
  1.60   0.28
  1.70   0.31
  1.80   0.33
  1.90   0.35
  2.00   0.37
  2.10   0.37
  2.20   0.37
  2.30   0.37
  2.40   0.36
  2.50   0.36
  2.60   0.35
  2.70   0.34
  2.80   0.33
  2.90   0.32
  3.00   0.32
  3.10   0.31
  3.20   0.30
  3.30   0.29
  3.40   0.29
  3.50   0.28
  3.60   0.27
  3.70   0.26
  3.80   0.25
  3.90   0.24
  4.00   0.24
  4.10   0.24
  4.20   0.24
  4.30   0.23
  4.40   0.23
  4.50   0.22
  4.60   0.22
  4.70   0.22
  4.80   0.22
  4.90   0.22
  5.00   0.22
  5.10   0.21
  5.20   0.21
  5.30   0.20
  5.40   0.21
  5.50   0.21
  5.60   0.21
  5.70   0.22
  5.80   0.22
  5.90   0.23
  6.00   0.25
  6.10   0.25
  6.20   0.27
  6.30   0.29
  6.40   0.31
  6.50   0.33
  6.60   0.35
  6.70   0.37
  6.80   0.39
  6.90   0.43
  7.00   0.46
  7.10   0.49
  7.20   0.52
  7.30   0.56
  7.40   0.61
  7.50   0.67
  7.60   0.73
  7.70   0.81
  7.80   0.87
  7.90   0.94
  8.00   1.00
  8.10   1.05
  8.20   1.10
  8.30   1.14
  8.40   1.17
  8.50   1.20
  8.60   1.22
  8.70   1.23
  8.80   1.24
  8.90   1.24
  9.00   1.23
  9.10   1.22
  9.20   1.20
  9.30   1.18
  9.40   1.15
  9.50   1.12
  9.60   1.09
  9.70   1.04
  9.80   1.00
  9.90   0.94
 10.00   0.88
 10.10   0.82
 10.20   0.75
 10.30   0.68
 10.40   0.61
 10.50   0.54
 10.60   0.48
 10.70   0.41
 10.80   0.35
 10.90   0.31
 11.00   0.26
 11.10   0.24
 11.20   0.23
 11.30   0.21
 11.40   0.22
 11.50   0.24
 11.60   0.25
 11.70   0.28
 11.80   0.28
 11.90   0.26
 12.00   0.27
 12.10   0.29
 12.20   0.31
 12.30   0.33
 12.40   0.35
 12.50   0.35
 12.60   0.36
