  0.00   1.00
  0.10   1.04
  0.20   1.08
  0.30   1.11
  0.40   1.15
  0.50   1.18
  0.60   1.21
  0.70   1.24
  0.80   1.26
  0.90   1.29
  1.00   1.31
  1.10   1.33
  1.20   1.34
  1.30   1.36
  1.40   1.37
  1.50   1.38
  1.60   1.38
  1.70   1.38
  1.80   1.38
  1.90   1.36
  2.00   1.35
  2.10   1.33
  2.20   1.30
  2.30   1.28
  2.40   1.25
  2.50   1.21
  2.60   1.18
  2.70   1.14
  2.80   1.10
  2.90   1.06
  3.00   1.01
  3.10   0.96
  3.20   0.91
  3.30   0.86
  3.40   0.80
  3.50   0.74
  3.60   0.69
  3.70   0.63
  3.80   0.57
  3.90   0.51
  4.00   0.45
  4.10   0.40
  4.20   0.34
  4.30   0.29
  4.40   0.22
  4.50   0.18
  4.60   0.13
  4.70   0.10
  4.80   0.06
  4.90   0.03
  5.00   0.01
  5.10   0.02
  5.20   0.04
  5.30   0.06
  5.40   0.08
  5.50   0.10
  5.60   0.12
  5.70   0.14
  5.80   0.17
  5.90   0.19
  6.00   0.21
  6.10   0.24
  6.20   0.27
  6.30   0.29
  6.40   0.32
  6.50   0.34
  6.60   0.36
  6.70   0.38
  6.80   0.40
  6.90   0.42
  7.00   0.42
  7.10   0.42
  7.20   0.42
  7.30   0.40
  7.40   0.38
  7.50   0.36
  7.60   0.34
  7.70   0.30
  7.80   0.28
  7.90   0.24
  8.00   0.21
  8.10   0.17
  8.20   0.14
  8.30   0.10
  8.40   0.05
  8.50   0.01
  8.60   0.04
  8.70   0.09
  8.80   0.13
  8.90   0.18
  9.00   0.22
  9.10   0.27
  9.20   0.32
  9.30   0.37
  9.40   0.42
  9.50   0.47
  9.60   0.52
  9.70   0.57
  9.80   0.63
  9.90   0.67
 10.00   0.73
 10.10   0.78
 10.20   0.83
 10.30   0.88
 10.40   0.93
 10.50   0.97
 10.60   1.02
 10.70   1.06
 10.80   1.10
 10.90   1.14
 11.00   1.17
 11.10   1.21
 11.20   1.24
 11.30   1.27
 11.40   1.29
 11.50   1.32
 11.60   1.35
 11.70   1.37
 11.80   1.38
 11.90   1.39
 12.00   1.40
 12.10   1.39
 12.20   1.39
 12.30   1.37
 12.40   1.35
 12.50   1.33
 12.60   1.30
