  0.00  -1.73
  0.10  -1.73
  0.20  -1.73
  0.30  -1.73
  0.40  -1.73
  0.50  -1.73
  0.60  -1.73
  0.70  -1.73
  0.80  -1.73
  0.90  -1.73
  1.00  -1.73
  1.10  -1.73
  1.20  -1.73
  1.30  -1.73
  1.40  -1.73
  1.50  -1.73
  1.60  -1.73
  1.70  -1.73
  1.80  -1.73
  1.90  -1.73
  2.00  -1.73
  2.10  -1.73
  2.20  -1.73
  2.30  -1.73
  2.40  -1.73
  2.50  -1.73
  2.60  -1.73
  2.70  -1.73
  2.80  -1.73
  2.90  -1.73
  3.00  -1.73
  3.10  -1.73
  3.20  -1.73
  3.30  -1.73
  3.40  -1.73
  3.50  -1.73
  3.60  -1.73
  3.70  -1.73
  3.80  -1.73
  3.90  -1.73
  4.00  -1.73
  4.10  -1.73
  4.20  -1.73
  4.30  -1.73
  4.40  -1.73
  4.50  -1.73
  4.60  -1.73
  4.70  -1.73
  4.80  -1.73
  4.90  -1.73
  5.00  -1.73
  5.10  -1.73
  5.20  -1.73
  5.30  -1.73
  5.40  -1.73
  5.50  -1.73
  5.60  -1.73
  5.70  -1.73
  5.80  -1.73
  5.90  -1.73
  6.00  -1.73
  6.10  -1.73
  6.20  -1.73
  6.30  -1.73
  6.40  -1.73
  6.50  -1.73
  6.60  -1.73
  6.70  -1.73
  6.80  -1.73
  6.90  -1.73
  7.00  -1.73
  7.10  -1.73
  7.20  -1.73
  7.30  -1.73
  7.40  -1.73
  7.50  -1.73
  7.60  -1.73
  7.70  -1.73
  7.80  -1.73
  7.90  -1.73
  8.00  -1.73
  8.10  -1.73
  8.20  -1.73
  8.30  -1.73
  8.40  -1.73
  8.50  -1.73
  8.60  -1.73
  8.70  -1.73
  8.80  -1.73
  8.90  -1.73
  9.00  -1.73
  9.10  -1.73
  9.20  -1.73
  9.30  -1.73
  9.40  -1.73
  9.50  -1.73
  9.60  -1.73
  9.70  -1.73
  9.80  -1.73
  9.90  -1.73
 10.00  -1.73
 10.10  -1.73
 10.20  -1.73
 10.30  -1.73
 10.40  -1.73
 10.50  -1.73
 10.60  -1.73
 10.70  -1.73
 10.80  -1.73
 10.90  -1.73
 11.00  -1.73
 11.10  -1.73
 11.20  -1.73
 11.30  -1.73
 11.40  -1.73
 11.50  -1.73
 11.60  -1.73
 11.70  -1.73
 11.80  -1.73
 11.90  -1.73
 12.00  -1.73
 12.10  -1.73
 12.20  -1.73
 12.30  -1.73
 12.40  -1.73
 12.50  -1.73
 12.60  -1.73
 12.70  -1.73
 12.80  -1.73
 12.90  -1.73
 13.00  -1.73
 13.10  -1.73
 13.20  -1.73
 13.30  -1.73
 13.40  -1.73
 13.50  -1.73
 13.60  -1.73
 13.70  -1.73
 13.80  -1.73
 13.90  -1.73
 14.00  -1.73
 14.10  -1.73
 14.20  -1.73
 14.30  -1.73
 14.40  -1.73
 14.50  -1.73
 14.60  -1.73
 14.70  -1.73
 14.80  -1.73
 14.90  -1.73
 15.00  -1.73
 15.10  -1.73
 15.20  -1.73
 15.30  -1.73
 15.40  -1.73
 15.50  -1.73
 15.60  -1.73
 15.70  -1.73
 15.80  -1.73
 15.90  -1.73
 16.00  -1.73
 16.10  -1.73
 16.20  -1.73
 16.30  -1.73
 16.40  -1.73
 16.50  -1.73
 16.60  -1.73
 16.70  -1.73
 16.80  -1.73
 16.90  -1.73
 17.00  -1.73
 17.10  -1.73
 17.20  -1.73
 17.30  -1.73
 17.40  -1.73
 17.50  -1.73
 17.60  -1.73
 17.70  -1.73
 17.80  -1.73
 17.90  -1.73
 18.00  -1.73
 18.10  -1.73
 18.20  -1.73
 18.30  -1.73
 18.40  -1.73
 18.50  -1.73
 18.60  -1.73
 18.70  -1.73
 18.80  -1.73
 18.90  -1.73
 19.00  -1.73
 19.10  -1.73
 19.20  -1.73
 19.30  -1.73
 19.40  -1.73
 19.50  -1.73
 19.60  -1.73
 19.70  -1.73
 19.80  -1.73
 19.90  -1.73
 20.00  -1.73
 20.10  -1.73
 20.20  -1.73
 20.30  -1.73
 20.40  -1.73
 20.50  -1.73
 20.60  -1.73
 20.70  -1.73
 20.80  -1.73
 20.90  -1.73
 21.00  -1.73
 21.10  -1.73
 21.20  -1.73
 21.30  -1.73
 21.40  -1.73
 21.50  -1.73
 21.60  -1.73
 21.70  -1.73
 21.80  -1.73
 21.90  -1.73
 22.00  -1.73
 22.10  -1.73
 22.20  -1.73
 22.30  -1.73
 22.40  -1.73
 22.50  -1.73
 22.60  -1.73
 22.70  -1.73
 22.80  -1.73
 22.90  -1.73
 23.00  -1.73
 23.10  -1.73
 23.20  -1.73
 23.30  -1.73
 23.40  -1.73
 23.50  -1.73
 23.60  -1.73
 23.70  -1.73
 23.80  -1.73
 23.90  -1.73
 24.00  -1.73
 24.10  -1.73
 24.20  -1.73
 24.30  -1.73
 24.40  -1.73
 24.50  -1.73
 24.60  -1.73
 24.70  -1.73
 24.80  -1.73
 24.90  -1.73
 25.00  -1.73
 25.10  -1.73
 25.20  -1.73
 25.30  -1.73
 25.40  -1.73
 25.50  -1.73
 25.60  -1.73
 25.70  -1.73
 25.80  -1.73
 25.90  -1.73
 26.00  -1.73
 26.10  -1.73
 26.20  -1.73
 26.30  -1.73
 26.40  -1.73
 26.50  -1.73
 26.60  -1.73
 26.70  -1.73
 26.80  -1.73
 26.90  -1.73
 27.00  -1.73
 27.10  -1.73
 27.20  -1.73
 27.30  -1.73
 27.40  -1.73
 27.50  -1.73
 27.60  -1.73
 27.70  -1.73
 27.80  -1.73
 27.90  -1.73
 28.00  -1.73
 28.10  -1.73
 28.20  -1.73
 28.30  -1.73
 28.40  -1.73
 28.50  -1.73
 28.60  -1.73
 28.70  -1.73
 28.80  -1.73
 28.90  -1.73
 29.00  -1.73
 29.10  -1.73
 29.20  -1.73
 29.30  -1.73
 29.40  -1.73
 29.50  -1.73
 29.60  -1.73
 29.70  -1.73
 29.80  -1.73
 29.90  -1.73
 30.00  -1.73
 30.10  -1.73
 30.20  -1.73
 30.30  -1.73
 30.40  -1.73
 30.50  -1.73
 30.60  -1.73
 30.70  -1.73
 30.80  -1.73
 30.90  -1.73
 31.00  -1.73
 31.10  -1.73
 31.20  -1.73
 31.30  -1.73
 31.40  -1.73
 31.50  -1.73
 31.60  -1.73
 31.70  -1.73
 31.80  -1.73
 31.90  -1.73
 32.00  -1.73
 32.10  -1.73
 32.20  -1.73
 32.30  -1.73
 32.40  -1.73
 32.50  -1.73
 32.60  -1.73
 32.70  -1.73
 32.80  -1.73
 32.90  -1.73
 33.00  -1.73
 33.10  -1.73
 33.20  -1.73
 33.30  -1.73
 33.40  -1.73
 33.50  -1.73
 33.60  -1.73
 33.70  -1.73
 33.80  -1.73
 33.90  -1.73
 34.00  -1.73
 34.10  -1.73
 34.20  -1.73
 34.30  -1.73
 34.40  -1.73
 34.50  -1.73
 34.60  -1.73
 34.70  -1.73
 34.80  -1.73
 34.90  -1.73
 35.00  -1.73
 35.10  -1.73
 35.20  -1.73
 35.30  -1.73
 35.40  -1.73
 35.50  -1.73
 35.60  -1.73
 35.70  -1.73
 35.80  -1.73
 35.90  -1.73
 36.00  -1.73
 36.10  -1.73
 36.20  -1.73
 36.30  -1.73
 36.40  -1.73
 36.50  -1.73
 36.60  -1.73
 36.70  -1.73
 36.80  -1.73
 36.90  -1.73
 37.00  -1.73
 37.10  -1.73
 37.20  -1.73
 37.30  -1.73
 37.40  -1.73
 37.50  -1.73
 37.60  -1.73
 37.70  -1.73
 37.80  -1.73
 37.90  -1.73
 38.00  -1.73
 38.10  -1.73
 38.20  -1.73
 38.30  -1.73
 38.40  -1.73
 38.50  -1.73
 38.60  -1.73
 38.70  -1.73
 38.80  -1.73
 38.90  -1.73
 39.00  -1.73
 39.10  -1.73
 39.20  -1.73
 39.30  -1.73
 39.40  -1.73
 39.50  -1.73
 39.60  -1.73
 39.70  -1.73
 39.80  -1.73
 39.90  -1.73
 40.00  -1.73
 40.10  -1.73
 40.20  -1.73
 40.30  -1.73
 40.40  -1.73
 40.50  -1.73
 40.60  -1.73
 40.70  -1.73
 40.80  -1.73
 40.90  -1.73
 41.00  -1.73
 41.10  -1.73
 41.20  -1.73
 41.30  -1.73
 41.40  -1.73
 41.50  -1.73
 41.60  -1.73
 41.70  -1.73
 41.80  -1.73
 41.90  -1.73
 42.00  -1.73
 42.10  -1.73
 42.20  -1.73
 42.30  -1.73
 42.40  -1.73
 42.50  -1.73
 42.60  -1.73
 42.70  -1.73
 42.80  -1.73
 42.90  -1.73
 43.00  -1.73
 43.10  -1.73
 43.20  -1.73
 43.30  -1.73
 43.40  -1.73
 43.50  -1.73
 43.60  -1.73
 43.70  -1.73
 43.80  -1.73
 43.90  -1.73
 44.00  -1.73
 44.10  -1.73
 44.20  -1.73
 44.30  -1.73
 44.40  -1.73
 44.50  -1.73
 44.60  -1.73
 44.70  -1.73
 44.80  -1.73
 44.90  -1.73
 45.00  -1.73
 45.10  -1.73
 45.20  -1.73
 45.30  -1.73
 45.40  -1.73
 45.50  -1.73
 45.60  -1.73
 45.70  -1.73
 45.80  -1.73
 45.90  -1.73
 46.00  -1.73
 46.10  -1.73
 46.20  -1.73
 46.30  -1.73
 46.40  -1.73
 46.50  -1.73
 46.60  -1.73
 46.70  -1.73
 46.80  -1.73
 46.90  -1.73
 47.00  -1.73
 47.10  -1.73
 47.20  -1.73
 47.30  -1.73
 47.40  -1.73
 47.50  -1.73
 47.60  -1.73
 47.70  -1.73
 47.80  -1.73
 47.90  -1.73
 48.00  -1.73
 48.10  -1.73
 48.20  -1.73
 48.30  -1.73
 48.40  -1.73
 48.50  -1.73
 48.60  -1.73
 48.70  -1.73
 48.80  -1.73
 48.90  -1.73
 49.00  -1.73
 49.10  -1.73
 49.20  -1.73
 49.30  -1.73
 49.40  -1.73
 49.50  -1.73
 49.60  -1.73
 49.70  -1.73
 49.80  -1.73
 49.90  -1.73
 50.00  -1.73
 50.10  -1.73
 50.20  -1.73
 50.30  -1.73
 50.40  -1.73
 50.50  -1.73
 50.60  -1.73
 50.70  -1.73
 50.80  -1.73
 50.90  -1.73
 51.00  -1.73
 51.10  -1.73
 51.20  -1.73
 51.30  -1.73
 51.40  -1.73
 51.50  -1.73
 51.60  -1.73
 51.70  -1.73
 51.80  -1.73
 51.90  -1.73
 52.00  -1.73
 52.10  -1.73
 52.20  -1.73
 52.30  -1.73
 52.40  -1.73
 52.50  -1.73
 52.60  -1.73
 52.70  -1.73
 52.80  -1.73
 52.90  -1.73
 53.00  -1.73
 53.10  -1.73
 53.20  -1.73
 53.30  -1.73
 53.40  -1.73
 53.50  -1.73
 53.60  -1.73
 53.70  -1.73
 53.80  -1.73
 53.90  -1.73
 54.00  -1.73
 54.10  -1.73
 54.20  -1.73
 54.30  -1.73
 54.40  -1.73
 54.50  -1.73
 54.60  -1.73
 54.70  -1.73
 54.80  -1.73
 54.90  -1.73
 55.00  -1.73
 55.10  -1.73
 55.20  -1.73
 55.30  -1.73
 55.40  -1.73
 55.50  -1.73
 55.60  -1.73
 55.70  -1.73
 55.80  -1.73
 55.90  -1.73
 56.00  -1.73
 56.10  -1.73
 56.20  -1.73
 56.30  -1.73
 56.40  -1.73
 56.50  -1.73
 56.60  -1.73
 56.70  -1.73
 56.80  -1.73
 56.90  -1.73
 57.00  -1.73
 57.10  -1.73
 57.20  -1.73
 57.30  -1.73
 57.40  -1.73
 57.50  -1.73
 57.60  -1.73
 57.70  -1.73
 57.80  -1.73
 57.90  -1.73
 58.00  -1.73
