   0.0 3.86821
   0.1 3.86809
   0.2 3.86796
   0.3 3.86784
   0.4 3.86772
   0.5 3.86760
   0.6 3.86748
   0.7 3.86736
   0.8 3.86725
   0.9 3.86714
   1.0 3.86703
   1.1 3.86692
   1.2 3.86682
   1.3 3.86671
   1.4 3.86661
   1.5 3.86652
   1.6 3.86642
   1.7 3.86633
   1.8 3.86624
   1.9 3.86615
   2.0 3.86607
   2.1 3.86599
   2.2 3.86591
   2.3 3.86584
   2.4 3.86577
   2.5 3.86570
   2.6 3.86563
   2.7 3.86557
   2.8 3.86551
   2.9 3.86546
   3.0 3.86541
   3.1 3.86536
   3.2 3.86531
   3.3 3.86527
   3.4 3.86524
   3.5 3.86520
   3.6 3.86518
   3.7 3.86515
   3.8 3.86513
   3.9 3.86511
   4.0 3.86510
   4.1 3.86508
   4.2 3.86508
   4.3 3.86507
   4.4 3.86507
   4.5 3.86507
   4.6 3.86508
   4.7 3.86509
   4.8 3.86510
   4.9 3.86511
   5.0 3.86513
   5.1 3.86515
   5.2 3.86517
   5.3 3.86519
   5.4 3.86522
   5.5 3.86525
   5.6 3.86528
   5.7 3.86532
   5.8 3.86535
   5.9 3.86539
   6.0 3.86543
   6.1 3.86547
   6.2 3.86551
   6.3 3.86555
   6.4 3.86560
   6.5 3.86564
   6.6 3.86569
   6.7 3.86573
   6.8 3.86578
   6.9 3.86583
   7.0 3.86588
   7.1 3.86592
   7.2 3.86597
   7.3 3.86602
   7.4 3.86606
   7.5 3.86611
   7.6 3.86616
   7.7 3.86620
   7.8 3.86625
   7.9 3.86629
   8.0 3.86633
   8.1 3.86638
   8.2 3.86642
   8.3 3.86646
   8.4 3.86650
   8.5 3.86654
   8.6 3.86658
   8.7 3.86662
   8.8 3.86666
   8.9 3.86669
   9.0 3.86673
   9.1 3.86676
   9.2 3.86679
   9.3 3.86683
   9.4 3.86686
   9.5 3.86689
   9.6 3.86692
   9.7 3.86695
   9.8 3.86698
   9.9 3.86700
  10.0 3.86703
  10.1 3.86706
  10.2 3.86709
  10.3 3.86711
  10.4 3.86714
  10.5 3.86717
  10.6 3.86720
  10.7 3.86723
  10.8 3.86725
  10.9 3.86728
  11.0 3.86731
  11.1 3.86734
  11.2 3.86737
  11.3 3.86740
  11.4 3.86743
  11.5 3.86746
  11.6 3.86748
  11.7 3.86751
  11.8 3.86754
  11.9 3.86757
  12.0 3.86760
  12.1 3.86763
  12.2 3.86766
  12.3 3.86769
  12.4 3.86772
  12.5 3.86774
  12.6 3.86777
  12.7 3.86780
  12.8 3.86782
  12.9 3.86785
  13.0 3.86787
  13.1 3.86790
  13.2 3.86793
  13.3 3.86795
  13.4 3.86797
  13.5 3.86800
  13.6 3.86802
  13.7 3.86804
  13.8 3.86807
  13.9 3.86809
  14.0 3.86811
  14.1 3.86813
  14.2 3.86815
  14.3 3.86817
  14.4 3.86819
  14.5 3.86821
  14.6 3.86823
  14.7 3.86825
  14.8 3.86827
  14.9 3.86829
  15.0 3.86831
  15.1 3.86833
  15.2 3.86835
  15.3 3.86837
  15.4 3.86839
  15.5 3.86841
  15.6 3.86843
  15.7 3.86845
  15.8 3.86847
  15.9 3.86849
  16.0 3.86852
  16.1 3.86854
  16.2 3.86856
  16.3 3.86859
  16.4 3.86861
  16.5 3.86863
  16.6 3.86866
  16.7 3.86868
  16.8 3.86871
  16.9 3.86873
  17.0 3.86876
  17.1 3.86878
  17.2 3.86881
  17.3 3.86883
  17.4 3.86886
  17.5 3.86888
  17.6 3.86891
  17.7 3.86893
  17.8 3.86896
  17.9 3.86898
  18.0 3.86900
  18.1 3.86903
  18.2 3.86905
  18.3 3.86907
  18.4 3.86909
  18.5 3.86911
  18.6 3.86913
  18.7 3.86915
  18.8 3.86917
  18.9 3.86918
  19.0 3.86920
  19.1 3.86922
  19.2 3.86923
  19.3 3.86925
  19.4 3.86926
  19.5 3.86927
  19.6 3.86929
  19.7 3.86930
  19.8 3.86931
  19.9 3.86932
  20.0 3.86933
  20.1 3.86934
  20.2 3.86935
  20.3 3.86936
  20.4 3.86937
  20.5 3.86938
  20.6 3.86939
  20.7 3.86940
  20.8 3.86941
  20.9 3.86942
  21.0 3.86943
  21.1 3.86944
  21.2 3.86945
  21.3 3.86945
  21.4 3.86946
  21.5 3.86947
  21.6 3.86948
  21.7 3.86949
  21.8 3.86950
  21.9 3.86951
  22.0 3.86952
  22.1 3.86952
  22.2 3.86953
  22.3 3.86954
  22.4 3.86955
  22.5 3.86955
  22.6 3.86956
  22.7 3.86957
  22.8 3.86958
  22.9 3.86958
  23.0 3.86959
  23.1 3.86960
  23.2 3.86960
  23.3 3.86961
  23.4 3.86962
  23.5 3.86962
  23.6 3.86963
  23.7 3.86964
  23.8 3.86964
  23.9 3.86965
  24.0 3.86966
  24.1 3.86967
  24.2 3.86968
  24.3 3.86969
  24.4 3.86970
  24.5 3.86971
  24.6 3.86972
  24.7 3.86974
  24.8 3.86975
  24.9 3.86977
  25.0 3.86979
  25.1 3.86980
  25.2 3.86982
  25.3 3.86985
  25.4 3.86987
  25.5 3.86989
  25.6 3.86992
  25.7 3.86994
  25.8 3.86997
  25.9 3.87000
  26.0 3.87003
  26.1 3.87006
  26.2 3.87008
  26.3 3.87011
  26.4 3.87014
  26.5 3.87017
  26.6 3.87020
  26.7 3.87023
  26.8 3.87026
  26.9 3.87028
  27.0 3.87031
  27.1 3.87034
  27.2 3.87036
  27.3 3.87039
  27.4 3.87041
  27.5 3.87044
  27.6 3.87046
  27.7 3.87049
  27.8 3.87051
  27.9 3.87053
  28.0 3.87055
  28.1 3.87058
  28.2 3.87060
  28.3 3.87062
  28.4 3.87064
  28.5 3.87066
  28.6 3.87069
  28.7 3.87071
  28.8 3.87073
  28.9 3.87075
  29.0 3.87078
  29.1 3.87080
  29.2 3.87082
  29.3 3.87085
  29.4 3.87088
  29.5 3.87090
  29.6 3.87093
  29.7 3.87096
  29.8 3.87099
  29.9 3.87103
  30.0 3.87106
  30.1 3.87110
  30.2 3.87113
  30.3 3.87117
  30.4 3.87121
  30.5 3.87126
  30.6 3.87130
  30.7 3.87135
  30.8 3.87140
  30.9 3.87145
  31.0 3.87150
  31.1 3.87156
  31.2 3.87162
  31.3 3.87168
  31.4 3.87174
  31.5 3.87180
  31.6 3.87187
  31.7 3.87194
  31.8 3.87202
  31.9 3.87209
  32.0 3.87217
  32.1 3.87225
  32.2 3.87233
  32.3 3.87242
  32.4 3.87251
  32.5 3.87260
  32.6 3.87269
  32.7 3.87278
  32.8 3.87287
  32.9 3.87297
  33.0 3.87307
  33.1 3.87317
  33.2 3.87327
  33.3 3.87337
  33.4 3.87347
  33.5 3.87357
  33.6 3.87367
  33.7 3.87378
  33.8 3.87388
  33.9 3.87398
  34.0 3.87409
  34.1 3.87419
  34.2 3.87430
  34.3 3.87440
  34.4 3.87450
  34.5 3.87461
  34.6 3.87471
  34.7 3.87481
  34.8 3.87491
  34.9 3.87501
  35.0 3.87511
  35.1 3.87521
  35.2 3.87530
  35.3 3.87540
  35.4 3.87549
  35.5 3.87558
  35.6 3.87567
  35.7 3.87576
  35.8 3.87584
  35.9 3.87592
  36.0 3.87601
  36.1 3.87608
  36.2 3.87616
  36.3 3.87623
  36.4 3.87630
  36.5 3.87637
  36.6 3.87644
  36.7 3.87650
  36.8 3.87656
  36.9 3.87661
  37.0 3.87667
  37.1 3.87672
  37.2 3.87677
  37.3 3.87681
  37.4 3.87686
  37.5 3.87690
  37.6 3.87693
  37.7 3.87697
  37.8 3.87700
  37.9 3.87703
  38.0 3.87706
  38.1 3.87709
  38.2 3.87711
  38.3 3.87713
  38.4 3.87716
  38.5 3.87717
  38.6 3.87719
  38.7 3.87721
  38.8 3.87722
  38.9 3.87724
  39.0 3.87725
  39.1 3.87726
  39.2 3.87728
  39.3 3.87729
  39.4 3.87730
  39.5 3.87731
  39.6 3.87732
  39.7 3.87733
  39.8 3.87734
  39.9 3.87735
  40.0 3.87736
  40.1 3.87737
  40.2 3.87738
  40.3 3.87739
  40.4 3.87740
  40.5 3.87741
  40.6 3.87742
  40.7 3.87743
  40.8 3.87744
  40.9 3.87746
  41.0 3.87747
  41.1 3.87748
  41.2 3.87750
  41.3 3.87751
  41.4 3.87753
  41.5 3.87754
  41.6 3.87756
  41.7 3.87758
  41.8 3.87759
  41.9 3.87761
  42.0 3.87763
  42.1 3.87764
  42.2 3.87766
  42.3 3.87768
  42.4 3.87770
  42.5 3.87771
  42.6 3.87773
  42.7 3.87774
  42.8 3.87776
  42.9 3.87778
  43.0 3.87779
  43.1 3.87780
  43.2 3.87782
  43.3 3.87783
  43.4 3.87784
  43.5 3.87785
  43.6 3.87786
  43.7 3.87787
  43.8 3.87787
  43.9 3.87788
  44.0 3.87788
  44.1 3.87788
  44.2 3.87788
  44.3 3.87788
  44.4 3.87787
  44.5 3.87786
  44.6 3.87785
  44.7 3.87784
  44.8 3.87783
  44.9 3.87781
  45.0 3.87779
  45.1 3.87777
  45.2 3.87775
  45.3 3.87773
  45.4 3.87770
  45.5 3.87767
  45.6 3.87764
  45.7 3.87760
  45.8 3.87756
  45.9 3.87752
  46.0 3.87748
  46.1 3.87744
  46.2 3.87740
  46.3 3.87735
  46.4 3.87730
  46.5 3.87725
  46.6 3.87720
  46.7 3.87715
  46.8 3.87709
  46.9 3.87704
  47.0 3.87698
  47.1 3.87693
  47.2 3.87687
  47.3 3.87681
  47.4 3.87675
  47.5 3.87669
  47.6 3.87663
  47.7 3.87657
  47.8 3.87651
  47.9 3.87645
  48.0 3.87638
  48.1 3.87632
  48.2 3.87626
  48.3 3.87620
  48.4 3.87614
  48.5 3.87608
  48.6 3.87601
  48.7 3.87595
  48.8 3.87589
  48.9 3.87584
  49.0 3.87578
  49.1 3.87572
  49.2 3.87567
  49.3 3.87561
  49.4 3.87556
  49.5 3.87551
  49.6 3.87546
  49.7 3.87541
  49.8 3.87536
  49.9 3.87532
  50.0 3.87528
  50.1 3.87523
  50.2 3.87519
  50.3 3.87516
  50.4 3.87512
  50.5 3.87509
  50.6 3.87505
  50.7 3.87502
  50.8 3.87499
  50.9 3.87496
  51.0 3.87494
  51.1 3.87491
  51.2 3.87489
  51.3 3.87487
  51.4 3.87485
  51.5 3.87483
  51.6 3.87481
  51.7 3.87479
  51.8 3.87478
  51.9 3.87476
  52.0 3.87475
  52.1 3.87474
  52.2 3.87473
  52.3 3.87472
  52.4 3.87471
  52.5 3.87471
  52.6 3.87470
  52.7 3.87470
  52.8 3.87469
  52.9 3.87469
  53.0 3.87469
  53.1 3.87469
  53.2 3.87469
  53.3 3.87469
  53.4 3.87470
  53.5 3.87470
  53.6 3.87470
  53.7 3.87471
  53.8 3.87471
  53.9 3.87472
  54.0 3.87473
  54.1 3.87474
  54.2 3.87474
  54.3 3.87475
  54.4 3.87476
  54.5 3.87477
  54.6 3.87478
  54.7 3.87479
  54.8 3.87480
  54.9 3.87481
  55.0 3.87483
  55.1 3.87484
  55.2 3.87485
  55.3 3.87486
  55.4 3.87487
  55.5 3.87489
  55.6 3.87490
  55.7 3.87491
  55.8 3.87492
  55.9 3.87494
  56.0 3.87495
  56.1 3.87496
  56.2 3.87497
  56.3 3.87498
  56.4 3.87500
  56.5 3.87501
  56.6 3.87502
  56.7 3.87503
  56.8 3.87504
  56.9 3.87505
  57.0 3.87506
  57.1 3.87506
  57.2 3.87507
  57.3 3.87508
  57.4 3.87509
  57.5 3.87509
  57.6 3.87510
  57.7 3.87510
  57.8 3.87510
  57.9 3.87511
  58.0 3.87511
