   0.0 4.16253
   0.1 4.16257
   0.2 4.16262
   0.3 4.16269
   0.4 4.16279
   0.5 4.16291
   0.6 4.16307
   0.7 4.16325
   0.8 4.16346
   0.9 4.16371
   1.0 4.16399
   1.1 4.16428
   1.2 4.16460
   1.3 4.16493
   1.4 4.16527
   1.5 4.16562
   1.6 4.16596
   1.7 4.16629
   1.8 4.16660
   1.9 4.16690
   2.0 4.16717
   2.1 4.16741
   2.2 4.16761
   2.3 4.16779
   2.4 4.16792
   2.5 4.16802
   2.6 4.16807
   2.7 4.16807
   2.8 4.16802
   2.9 4.16792
   3.0 4.16777
   3.1 4.16757
   3.2 4.16733
   3.3 4.16703
   3.4 4.16670
   3.5 4.16632
   3.6 4.16590
   3.7 4.16546
   3.8 4.16498
   3.9 4.16449
   4.0 4.16398
   4.1 4.16345
   4.2 4.16292
   4.3 4.16239
   4.4 4.16186
   4.5 4.16133
   4.6 4.16080
   4.7 4.16027
   4.8 4.15975
   4.9 4.15923
   5.0 4.15873
   5.1 4.15823
   5.2 4.15774
   5.3 4.15727
   5.4 4.15680
   5.5 4.15635
   5.6 4.15592
   5.7 4.15550
   5.8 4.15511
   5.9 4.15475
   6.0 4.15442
   6.1 4.15413
   6.2 4.15389
   6.3 4.15368
   6.4 4.15351
   6.5 4.15339
   6.6 4.15330
   6.7 4.15325
   6.8 4.15323
   6.9 4.15325
   7.0 4.15330
   7.1 4.15337
   7.2 4.15348
   7.3 4.15360
   7.4 4.15374
   7.5 4.15390
   7.6 4.15408
   7.7 4.15426
   7.8 4.15445
   7.9 4.15464
   8.0 4.15484
   8.1 4.15504
   8.2 4.15524
   8.3 4.15545
   8.4 4.15566
   8.5 4.15589
   8.6 4.15612
   8.7 4.15636
   8.8 4.15662
   8.9 4.15689
   9.0 4.15718
   9.1 4.15749
   9.2 4.15782
   9.3 4.15817
   9.4 4.15854
   9.5 4.15892
   9.6 4.15931
   9.7 4.15970
   9.8 4.16008
   9.9 4.16046
  10.0 4.16083
  10.1 4.16117
  10.2 4.16150
  10.3 4.16180
  10.4 4.16207
  10.5 4.16232
  10.6 4.16254
  10.7 4.16274
  10.8 4.16291
  10.9 4.16305
  11.0 4.16318
  11.1 4.16328
  11.2 4.16336
  11.3 4.16342
  11.4 4.16346
  11.5 4.16347
  11.6 4.16346
  11.7 4.16344
  11.8 4.16338
  11.9 4.16331
  12.0 4.16323
  12.1 4.16312
  12.2 4.16301
  12.3 4.16288
  12.4 4.16275
  12.5 4.16261
  12.6 4.16247
  12.7 4.16232
  12.8 4.16218
  12.9 4.16203
  13.0 4.16189
  13.1 4.16175
  13.2 4.16162
  13.3 4.16148
  13.4 4.16136
  13.5 4.16124
  13.6 4.16113
  13.7 4.16102
  13.8 4.16092
  13.9 4.16084
  14.0 4.16076
  14.1 4.16069
  14.2 4.16063
  14.3 4.16059
  14.4 4.16056
  14.5 4.16055
  14.6 4.16056
  14.7 4.16060
  14.8 4.16067
  14.9 4.16076
  15.0 4.16088
  15.1 4.16103
  15.2 4.16122
  15.3 4.16143
  15.4 4.16166
  15.5 4.16193
  15.6 4.16221
  15.7 4.16252
  15.8 4.16285
  15.9 4.16319
  16.0 4.16354
  16.1 4.16391
  16.2 4.16430
  16.3 4.16471
  16.4 4.16514
  16.5 4.16560
  16.6 4.16608
  16.7 4.16660
  16.8 4.16715
  16.9 4.16774
  17.0 4.16836
  17.1 4.16901
  17.2 4.16971
  17.3 4.17044
  17.4 4.17120
  17.5 4.17200
  17.6 4.17283
  17.7 4.17368
  17.8 4.17455
  17.9 4.17543
  18.0 4.17631
  18.1 4.17718
  18.2 4.17804
  18.3 4.17888
  18.4 4.17969
  18.5 4.18046
  18.6 4.18119
  18.7 4.18186
  18.8 4.18248
  18.9 4.18305
  19.0 4.18355
  19.1 4.18398
  19.2 4.18435
  19.3 4.18464
  19.4 4.18487
  19.5 4.18502
  19.6 4.18511
  19.7 4.18512
  19.8 4.18508
  19.9 4.18497
  20.0 4.18482
  20.1 4.18462
  20.2 4.18439
  20.3 4.18414
  20.4 4.18386
  20.5 4.18357
  20.6 4.18329
  20.7 4.18300
  20.8 4.18273
  20.9 4.18248
  21.0 4.18226
  21.1 4.18208
  21.2 4.18192
  21.3 4.18181
  21.4 4.18174
  21.5 4.18170
  21.6 4.18171
  21.7 4.18175
  21.8 4.18183
  21.9 4.18194
  22.0 4.18209
  22.1 4.18226
  22.2 4.18246
  22.3 4.18268
  22.4 4.18292
  22.5 4.18318
  22.6 4.18345
  22.7 4.18374
  22.8 4.18403
  22.9 4.18432
  23.0 4.18462
  23.1 4.18491
  23.2 4.18518
  23.3 4.18545
  23.4 4.18570
  23.5 4.18592
  23.6 4.18613
  23.7 4.18631
  23.8 4.18648
  23.9 4.18662
  24.0 4.18676
  24.1 4.18687
  24.2 4.18698
  24.3 4.18708
  24.4 4.18717
  24.5 4.18726
  24.6 4.18735
  24.7 4.18744
  24.8 4.18755
  24.9 4.18766
  25.0 4.18779
  25.1 4.18792
  25.2 4.18807
  25.3 4.18823
  25.4 4.18839
  25.5 4.18856
  25.6 4.18873
  25.7 4.18890
  25.8 4.18907
  25.9 4.18923
  26.0 4.18938
  26.1 4.18950
  26.2 4.18961
  26.3 4.18968
  26.4 4.18970
  26.5 4.18967
  26.6 4.18958
  26.7 4.18942
  26.8 4.18919
  26.9 4.18889
  27.0 4.18853
  27.1 4.18811
  27.2 4.18763
  27.3 4.18711
  27.4 4.18653
  27.5 4.18592
  27.6 4.18527
  27.7 4.18459
  27.8 4.18388
  27.9 4.18315
  28.0 4.18241
  28.1 4.18165
  28.2 4.18088
  28.3 4.18011
  28.4 4.17934
  28.5 4.17857
  28.6 4.17781
  28.7 4.17706
  28.8 4.17632
  28.9 4.17558
  29.0 4.17486
  29.1 4.17415
  29.2 4.17344
  29.3 4.17274
  29.4 4.17205
  29.5 4.17135
  29.6 4.17064
  29.7 4.16992
  29.8 4.16919
  29.9 4.16843
  30.0 4.16766
  30.1 4.16686
  30.2 4.16604
  30.3 4.16519
  30.4 4.16433
  30.5 4.16344
  30.6 4.16255
  30.7 4.16164
  30.8 4.16072
  30.9 4.15981
  31.0 4.15890
  31.1 4.15800
  31.2 4.15712
  31.3 4.15626
  31.4 4.15542
  31.5 4.15461
  31.6 4.15383
  31.7 4.15309
  31.8 4.15238
  31.9 4.15172
  32.0 4.15110
  32.1 4.15052
  32.2 4.14998
  32.3 4.14949
  32.4 4.14904
  32.5 4.14863
  32.6 4.14825
  32.7 4.14791
  32.8 4.14760
  32.9 4.14732
  33.0 4.14706
  33.1 4.14681
  33.2 4.14657
  33.3 4.14634
  33.4 4.14612
  33.5 4.14589
  33.6 4.14567
  33.7 4.14544
  33.8 4.14520
  33.9 4.14496
  34.0 4.14471
  34.1 4.14446
  34.2 4.14419
  34.3 4.14392
  34.4 4.14365
  34.5 4.14338
  34.6 4.14311
  34.7 4.14286
  34.8 4.14262
  34.9 4.14239
  35.0 4.14219
  35.1 4.14201
  35.2 4.14187
  35.3 4.14175
  35.4 4.14168
  35.5 4.14164
  35.6 4.14164
  35.7 4.14168
  35.8 4.14176
  35.9 4.14188
  36.0 4.14205
  36.1 4.14226
  36.2 4.14252
  36.3 4.14283
  36.4 4.14318
  36.5 4.14358
  36.6 4.14402
  36.7 4.14449
  36.8 4.14501
  36.9 4.14555
  37.0 4.14613
  37.1 4.14673
  37.2 4.14735
  37.3 4.14799
  37.4 4.14865
  37.5 4.14931
  37.6 4.14999
  37.7 4.15068
  37.8 4.15138
  37.9 4.15208
  38.0 4.15279
  38.1 4.15351
  38.2 4.15423
  38.3 4.15496
  38.4 4.15568
  38.5 4.15640
  38.6 4.15712
  38.7 4.15784
  38.8 4.15856
  38.9 4.15927
  39.0 4.15999
  39.1 4.16070
  39.2 4.16141
  39.3 4.16212
  39.4 4.16283
  39.5 4.16354
  39.6 4.16424
  39.7 4.16493
  39.8 4.16561
  39.9 4.16628
  40.0 4.16692
  40.1 4.16754
  40.2 4.16812
  40.3 4.16868
  40.4 4.16919
  40.5 4.16966
  40.6 4.17008
  40.7 4.17045
  40.8 4.17077
  40.9 4.17104
  41.0 4.17126
  41.1 4.17141
  41.2 4.17152
  41.3 4.17157
  41.4 4.17156
  41.5 4.17150
  41.6 4.17139
  41.7 4.17123
  41.8 4.17103
  41.9 4.17078
  42.0 4.17051
  42.1 4.17020
  42.2 4.16987
  42.3 4.16952
  42.4 4.16916
  42.5 4.16879
  42.6 4.16841
  42.7 4.16803
  42.8 4.16766
  42.9 4.16729
  43.0 4.16694
  43.1 4.16660
  43.2 4.16628
  43.3 4.16599
  43.4 4.16572
  43.5 4.16547
  43.6 4.16527
  43.7 4.16509
  43.8 4.16496
  43.9 4.16486
  44.0 4.16480
  44.1 4.16479
  44.2 4.16481
  44.3 4.16487
  44.4 4.16498
  44.5 4.16512
  44.6 4.16530
  44.7 4.16552
  44.8 4.16579
  44.9 4.16609
  45.0 4.16644
  45.1 4.16683
  45.2 4.16725
  45.3 4.16772
  45.4 4.16822
  45.5 4.16874
  45.6 4.16929
  45.7 4.16986
  45.8 4.17045
  45.9 4.17103
  46.0 4.17162
  46.1 4.17221
  46.2 4.17279
  46.3 4.17337
  46.4 4.17393
  46.5 4.17447
  46.6 4.17500
  46.7 4.17550
  46.8 4.17597
  46.9 4.17641
  47.0 4.17682
  47.1 4.17720
  47.2 4.17754
  47.3 4.17785
  47.4 4.17813
  47.5 4.17837
  47.6 4.17858
  47.7 4.17875
  47.8 4.17890
  47.9 4.17903
  48.0 4.17913
  48.1 4.17921
  48.2 4.17927
  48.3 4.17931
  48.4 4.17934
  48.5 4.17936
  48.6 4.17937
  48.7 4.17936
  48.8 4.17933
  48.9 4.17929
  49.0 4.17924
  49.1 4.17917
  49.2 4.17908
  49.3 4.17897
  49.4 4.17885
  49.5 4.17872
  49.6 4.17856
  49.7 4.17839
  49.8 4.17819
  49.9 4.17799
  50.0 4.17776
  50.1 4.17753
  50.2 4.17728
  50.3 4.17703
  50.4 4.17677
  50.5 4.17651
  50.6 4.17626
  50.7 4.17600
  50.8 4.17576
  50.9 4.17553
  51.0 4.17532
  51.1 4.17512
  51.2 4.17494
  51.3 4.17478
  51.4 4.17464
  51.5 4.17452
  51.6 4.17442
  51.7 4.17435
  51.8 4.17430
  51.9 4.17427
  52.0 4.17427
  52.1 4.17430
  52.2 4.17435
  52.3 4.17443
  52.4 4.17454
  52.5 4.17467
  52.6 4.17482
  52.7 4.17500
  52.8 4.17518
  52.9 4.17538
  53.0 4.17558
  53.1 4.17578
  53.2 4.17598
  53.3 4.17617
  53.4 4.17635
  53.5 4.17652
  53.6 4.17668
  53.7 4.17683
  53.8 4.17696
  53.9 4.17707
  54.0 4.17717
  54.1 4.17726
  54.2 4.17732
  54.3 4.17737
  54.4 4.17741
  54.5 4.17742
  54.6 4.17742
  54.7 4.17740
  54.8 4.17736
  54.9 4.17731
  55.0 4.17725
  55.1 4.17719
  55.2 4.17711
  55.3 4.17702
  55.4 4.17692
  55.5 4.17680
  55.6 4.17666
  55.7 4.17650
  55.8 4.17632
  55.9 4.17611
  56.0 4.17586
  56.1 4.17558
  56.2 4.17526
  56.3 4.17491
  56.4 4.17452
  56.5 4.17409
  56.6 4.17362
  56.7 4.17312
  56.8 4.17258
  56.9 4.17201
  57.0 4.17141
  57.1 4.17080
  57.2 4.17017
  57.3 4.16954
  57.4 4.16892
  57.5 4.16832
  57.6 4.16774
  57.7 4.16721
  57.8 4.16672
  57.9 4.16630
  58.0 4.16594
