   0.0 3.40821
   0.1 3.40912
   0.2 3.41001
   0.3 3.41089
   0.4 3.41174
   0.5 3.41256
   0.6 3.41336
   0.7 3.41411
   0.8 3.41482
   0.9 3.41547
   1.0 3.41607
   1.1 3.41662
   1.2 3.41714
   1.3 3.41764
   1.4 3.41812
   1.5 3.41861
   1.6 3.41909
   1.7 3.41959
   1.8 3.42009
   1.9 3.42058
   2.0 3.42107
   2.1 3.42152
   2.2 3.42194
   2.3 3.42228
   2.4 3.42252
   2.5 3.42262
   2.6 3.42254
   2.7 3.42225
   2.8 3.42171
   2.9 3.42090
   3.0 3.41982
   3.1 3.41844
   3.2 3.41677
   3.3 3.41482
   3.4 3.41260
   3.5 3.41015
   3.6 3.40753
   3.7 3.40476
   3.8 3.40188
   3.9 3.39895
   4.0 3.39604
   4.1 3.39325
   4.2 3.39074
   4.3 3.38863
   4.4 3.38703
   4.5 3.38602
   4.6 3.38564
   4.7 3.38593
   4.8 3.38691
   4.9 3.38862
   5.0 3.39112
   5.1 3.39445
   5.2 3.39864
   5.3 3.40371
   5.4 3.40965
   5.5 3.41646
   5.6 3.42410
   5.7 3.43258
   5.8 3.44189
   5.9 3.45199
   6.0 3.46282
   6.1 3.47430
   6.2 3.48628
   6.3 3.49864
   6.4 3.51122
   6.5 3.52384
   6.6 3.53632
   6.7 3.54848
   6.8 3.56011
   6.9 3.57104
   7.0 3.58111
   7.1 3.59022
   7.2 3.59832
   7.3 3.60540
   7.4 3.61152
   7.5 3.61680
   7.6 3.62138
   7.7 3.62546
   7.8 3.62925
   7.9 3.63294
   8.0 3.63670
   8.1 3.64062
   8.2 3.64471
   8.3 3.64899
   8.4 3.65342
   8.5 3.65799
   8.6 3.66271
   8.7 3.66760
   8.8 3.67271
   8.9 3.67810
   9.0 3.68383
   9.1 3.68999
   9.2 3.69663
   9.3 3.70379
   9.4 3.71144
   9.5 3.71955
   9.6 3.72804
   9.7 3.73680
   9.8 3.74571
   9.9 3.75465
  10.0 3.76349
  10.1 3.77211
  10.2 3.78042
  10.3 3.78832
  10.4 3.79573
  10.5 3.80260
  10.6 3.80890
  10.7 3.81464
  10.8 3.81989
  10.9 3.82477
  11.0 3.82939
  11.1 3.83390
  11.2 3.83842
  11.3 3.84303
  11.4 3.84772
  11.5 3.85242
  11.6 3.85694
  11.7 3.86107
  11.8 3.86461
  11.9 3.86739
  12.0 3.86926
  12.1 3.87017
  12.2 3.87012
  12.3 3.86918
  12.4 3.86754
  12.5 3.86538
  12.6 3.86293
  12.7 3.86037
  12.8 3.85787
  12.9 3.85559
  13.0 3.85362
  13.1 3.85203
  13.2 3.85084
  13.3 3.85001
  13.4 3.84951
  13.5 3.84927
  13.6 3.84922
  13.7 3.84928
  13.8 3.84937
  13.9 3.84941
  14.0 3.84936
  14.1 3.84914
  14.2 3.84871
  14.3 3.84805
  14.4 3.84713
  14.5 3.84597
  14.6 3.84456
  14.7 3.84293
  14.8 3.84110
  14.9 3.83906
  15.0 3.83684
  15.1 3.83445
  15.2 3.83191
  15.3 3.82923
  15.4 3.82644
  15.5 3.82360
  15.6 3.82074
  15.7 3.81791
  15.8 3.81511
  15.9 3.81233
  16.0 3.80953
  16.1 3.80666
  16.2 3.80366
  16.3 3.80048
  16.4 3.79706
  16.5 3.79341
  16.6 3.78952
  16.7 3.78543
  16.8 3.78117
  16.9 3.77678
  17.0 3.77230
  17.1 3.76776
  17.2 3.76322
  17.3 3.75870
  17.4 3.75427
  17.5 3.74994
  17.6 3.74570
  17.7 3.74153
  17.8 3.73739
  17.9 3.73321
  18.0 3.72893
  18.1 3.72449
  18.2 3.71985
  18.3 3.71495
  18.4 3.70976
  18.5 3.70425
  18.6 3.69839
  18.7 3.69219
  18.8 3.68566
  18.9 3.67887
  19.0 3.67189
  19.1 3.66476
  19.2 3.65755
  19.3 3.65030
  19.4 3.64308
  19.5 3.63592
  19.6 3.62890
  19.7 3.62205
  19.8 3.61541
  19.9 3.60901
  20.0 3.60288
  20.1 3.59705
  20.2 3.59153
  20.3 3.58634
  20.4 3.58147
  20.5 3.57690
  20.6 3.57264
  20.7 3.56869
  20.8 3.56504
  20.9 3.56172
  21.0 3.55871
  21.1 3.55601
  21.2 3.55362
  21.3 3.55152
  21.4 3.54973
  21.5 3.54823
  21.6 3.54701
  21.7 3.54603
  21.8 3.54524
  21.9 3.54457
  22.0 3.54394
  22.1 3.54329
  22.2 3.54258
  22.3 3.54176
  22.4 3.54084
  22.5 3.53982
  22.6 3.53871
  22.7 3.53753
  22.8 3.53630
  22.9 3.53507
  23.0 3.53387
  23.1 3.53274
  23.2 3.53171
  23.3 3.53079
  23.4 3.52997
  23.5 3.52924
  23.6 3.52853
  23.7 3.52781
  23.8 3.52703
  23.9 3.52618
  24.0 3.52525
  24.1 3.52422
  24.2 3.52311
  24.3 3.52192
  24.4 3.52068
  24.5 3.51945
  24.6 3.51828
  24.7 3.51723
  24.8 3.51635
  24.9 3.51568
  25.0 3.51525
  25.1 3.51504
  25.2 3.51502
  25.3 3.51513
  25.4 3.51528
  25.5 3.51541
  25.6 3.51545
  25.7 3.51536
  25.8 3.51512
  25.9 3.51471
  26.0 3.51410
  26.1 3.51330
  26.2 3.51234
  26.3 3.51125
  26.4 3.51009
  26.5 3.50894
  26.6 3.50787
  26.7 3.50695
  26.8 3.50627
  26.9 3.50589
  27.0 3.50586
  27.1 3.50621
  27.2 3.50692
  27.3 3.50798
  27.4 3.50937
  27.5 3.51105
  27.6 3.51297
  27.7 3.51508
  27.8 3.51732
  27.9 3.51961
  28.0 3.52191
  28.1 3.52419
  28.2 3.52641
  28.3 3.52855
  28.4 3.53059
  28.5 3.53249
  28.6 3.53425
  28.7 3.53585
  28.8 3.53729
  28.9 3.53860
  29.0 3.53982
  29.1 3.54103
  29.2 3.54229
  29.3 3.54371
  29.4 3.54535
  29.5 3.54729
  29.6 3.54959
  29.7 3.55225
  29.8 3.55529
  29.9 3.55868
  30.0 3.56237
  30.1 3.56632
  30.2 3.57045
  30.3 3.57471
  30.4 3.57906
  30.5 3.58345
  30.6 3.58785
  30.7 3.59222
  30.8 3.59652
  30.9 3.60070
  31.0 3.60478
  31.1 3.60880
  31.2 3.61281
  31.3 3.61694
  31.4 3.62127
  31.5 3.62591
  31.6 3.63093
  31.7 3.63640
  31.8 3.64238
  31.9 3.64890
  32.0 3.65599
  32.1 3.66365
  32.2 3.67184
  32.3 3.68055
  32.4 3.68974
  32.5 3.69937
  32.6 3.70943
  32.7 3.71990
  32.8 3.73078
  32.9 3.74205
  33.0 3.75372
  33.1 3.76576
  33.2 3.77817
  33.3 3.79093
  33.4 3.80401
  33.5 3.81739
  33.6 3.83107
  33.7 3.84504
  33.8 3.85930
  33.9 3.87388
  34.0 3.88882
  34.1 3.90416
  34.2 3.91998
  34.3 3.93633
  34.4 3.95326
  34.5 3.97078
  34.6 3.98890
  34.7 4.00759
  34.8 4.02688
  34.9 4.04676
  35.0 4.06730
  35.1 4.08853
  35.2 4.11052
  35.3 4.13332
  35.4 4.15696
  35.5 4.18136
  35.6 4.20641
  35.7 4.23187
  35.8 4.25748
  35.9 4.28290
  36.0 4.30781
  36.1 4.33184
  36.2 4.35468
  36.3 4.37602
  36.4 4.39559
  36.5 -1.87002
  36.6 -1.85463
  36.7 -1.84158
  36.8 -1.83098
  36.9 -1.82286
  37.0 -1.81720
  37.1 -1.81388
  37.2 -1.81275
  37.3 -1.81358
  37.4 -1.81613
  37.5 -1.82012
  37.6 -1.82526
  37.7 -1.83128
  37.8 -1.83789
  37.9 -1.84488
  38.0 -1.85202
  38.1 -1.85913
  38.2 -1.86605
  38.3 -1.87266
  38.4 -1.87887
  38.5 -1.88463
  38.6 -1.88989
  38.7 4.38855
  38.8 4.38436
  38.9 4.38078
  39.0 4.37793
  39.1 4.37593
  39.2 4.37496
  39.3 4.37520
  39.4 4.37683
  39.5 4.38004
  39.6 4.38500
  39.7 4.39186
  39.8 4.40074
  39.9 4.41167
  40.0 4.42461
  40.1 4.43945
  40.2 4.45602
  40.3 4.47415
  40.4 4.49372
  40.5 4.51471
  40.6 4.53722
  40.7 4.56141
  40.8 4.58752
  40.9 4.61577
  41.0 4.64637
  41.1 4.67943
  41.2 -1.56816
  41.3 -1.53012
  41.4 -1.48980
  41.5 -1.44751
  41.6 -1.40365
  41.7 -1.35873
  41.8 -1.31329
  41.9 -1.26796
  42.0 -1.22337
  42.1 -1.18017
  42.2 -1.13896
  42.3 -1.10032
  42.4 -1.06471
  42.5 -1.03253
  42.6 -1.00405
  42.7 -0.97937
  42.8 -0.95846
  42.9 -0.94111
  43.0 -0.92703
  43.1 -0.91582
  43.2 -0.90703
  43.3 -0.90016
  43.4 -0.89471
  43.5 -0.89016
  43.6 -0.88602
  43.7 -0.88181
  43.8 -0.87707
  43.9 -0.87142
  44.0 -0.86455
  44.1 -0.85625
  44.2 -0.84642
  44.3 -0.83507
  44.4 -0.82233
  44.5 -0.80846
  44.6 -0.79379
  44.7 -0.77878
  44.8 -0.76395
  44.9 -0.74984
  45.0 -0.73699
  45.1 -0.72587
  45.2 -0.71682
  45.3 -0.70999
  45.4 -0.70537
  45.5 -0.70279
  45.6 -0.70191
  45.7 -0.70234
  45.8 -0.70368
  45.9 -0.70557
  46.0 -0.70780
  46.1 -0.71027
  46.2 -0.71303
  46.3 -0.71626
  46.4 -0.72022
  46.5 -0.72518
  46.6 -0.73137
  46.7 -0.73895
  46.8 -0.74793
  46.9 -0.75823
  47.0 -0.76970
  47.1 -0.78217
  47.2 -0.79544
  47.3 -0.80935
  47.4 -0.82372
  47.5 -0.83844
  47.6 -0.85340
  47.7 -0.86851
  47.8 -0.88367
  47.9 -0.89876
  48.0 -0.91363
  48.1 -0.92811
  48.2 -0.94204
  48.3 -0.95527
  48.4 -0.96769
  48.5 -0.97925
  48.6 -0.98997
  48.7 -0.99991
  48.8 -1.00919
  48.9 -1.01795
  49.0 -1.02635
  49.1 -1.03456
  49.2 -1.04267
  49.3 -1.05079
  49.4 -1.05893
  49.5 -1.06711
  49.6 -1.07528
  49.7 -1.08339
  49.8 -1.09137
  49.9 -1.09918
  50.0 -1.10678
  50.1 -1.11414
  50.2 -1.12128
  50.3 -1.12818
  50.4 -1.13486
  50.5 -1.14133
  50.6 -1.14761
  50.7 -1.15370
  50.8 -1.15962
  50.9 -1.16537
  51.0 -1.17097
  51.1 -1.17646
  51.2 -1.18194
  51.3 -1.18752
  51.4 -1.19332
  51.5 -1.19947
  51.6 -1.20606
  51.7 -1.21318
  51.8 -1.22085
  51.9 -1.22908
  52.0 -1.23784
  52.1 -1.24704
  52.2 -1.25656
  52.3 -1.26626
  52.4 -1.27601
  52.5 -1.28567
  52.6 -1.29509
  52.7 -1.30416
  52.8 -1.31272
  52.9 -1.32064
  53.0 -1.32775
  53.1 -1.33388
  53.2 -1.33887
  53.3 -1.34254
  53.4 -1.34474
  53.5 -1.34532
  53.6 -1.34414
  53.7 -1.34111
  53.8 -1.33613
  53.9 -1.32914
  54.0 -1.32011
  54.1 -1.30903
  54.2 -1.29591
  54.3 -1.28080
  54.4 -1.26378
  54.5 -1.24494
  54.6 -1.22440
  54.7 -1.20229
  54.8 -1.17875
  54.9 -1.15392
  55.0 -1.12796
  55.1 -1.10100
  55.2 -1.07320
  55.3 -1.04472
  55.4 -1.01569
  55.5 -0.98630
  55.6 -0.95674
  55.7 -0.92724
  55.8 -0.89810
  55.9 -0.86962
  56.0 -0.84218
  56.1 -0.81612
  56.2 -0.79183
  56.3 -0.76965
  56.4 -0.74984
  56.5 -0.73259
  56.6 -0.71799
  56.7 -0.70603
  56.8 -0.69663
  56.9 -0.68965
  57.0 -0.68492
  57.1 -0.68224
  57.2 -0.68137
  57.3 -0.68211
  57.4 -0.68421
  57.5 -0.68743
  57.6 -0.69154
  57.7 -0.69629
  57.8 -0.70145
  57.9 -0.70680
  58.0 -0.71216
  58.1 -0.71737
  58.2 -0.72230
  58.3 -0.72683
  58.4 -0.73091
  58.5 -0.73452
  58.6 -0.73768
  58.7 -0.74047
  58.8 -0.74296
  58.9 -0.74526
  59.0 -0.74746
  59.1 -0.74964
  59.2 -0.75183
  59.3 -0.75411
  59.4 -0.75650
  59.5 -0.75904
  59.6 -0.76177
  59.7 -0.76473
  59.8 -0.76797
  59.9 -0.77151
  60.0 -0.77542
  60.1 -0.77971
  60.2 -0.78443
  60.3 -0.78959
  60.4 -0.79524
  60.5 -0.80140
  60.6 -0.80810
  60.7 -0.81534
  60.8 -0.82312
  60.9 -0.83141
  61.0 -0.84017
  61.1 -0.84936
  61.2 -0.85894
  61.3 -0.86889
  61.4 -0.87917
  61.5 -0.88976
  61.6 -0.90060
