   0.0 -0.64557
   0.1 -0.64521
   0.2 -0.64481
   0.3 -0.64437
   0.4 -0.64390
   0.5 -0.64340
   0.6 -0.64288
   0.7 -0.64235
   0.8 -0.64184
   0.9 -0.64134
   1.0 -0.64087
   1.1 -0.64044
   1.2 -0.64005
   1.3 -0.63970
   1.4 -0.63939
   1.5 -0.63912
   1.6 -0.63886
   1.7 -0.63862
   1.8 -0.63838
   1.9 -0.63814
   2.0 -0.63790
   2.1 -0.63768
   2.2 -0.63749
   2.3 -0.63734
   2.4 -0.63726
   2.5 -0.63730
   2.6 -0.63747
   2.7 -0.63783
   2.8 -0.63842
   2.9 -0.63928
   3.0 -0.64044
   3.1 -0.64194
   3.2 -0.64380
   3.3 -0.64604
   3.4 -0.64866
   3.5 -0.65165
   3.6 -0.65500
   3.7 -0.65868
   3.8 -0.66265
   3.9 -0.66686
   4.0 -0.67123
   4.1 -0.67572
   4.2 -0.68023
   4.3 -0.68468
   4.4 -0.68896
   4.5 -0.69297
   4.6 -0.69656
   4.7 -0.69958
   4.8 -0.70184
   4.9 -0.70314
   5.0 -0.70325
   5.1 -0.70191
   5.2 -0.69886
   5.3 -0.69386
   5.4 -0.68668
   5.5 -0.67711
   5.6 -0.66504
   5.7 -0.65038
   5.8 -0.63312
   5.9 -0.61332
   6.0 -0.59115
   6.1 -0.56685
   6.2 -0.54076
   6.3 -0.51329
   6.4 -0.48491
   6.5 -0.45609
   6.6 -0.42732
   6.7 -0.39902
   6.8 -0.37154
   6.9 -0.34515
   7.0 -0.32002
   7.1 -0.29627
   7.2 -0.27394
   7.3 -0.25305
   7.4 -0.23358
   7.5 -0.21549
   7.6 -0.19867
   7.7 -0.18301
   7.8 -0.16833
   7.9 -0.15446
   8.0 -0.14119
   8.1 -0.12835
   8.2 -0.11578
   8.3 -0.10336
   8.4 -0.09102
   8.5 -0.07874
   8.6 -0.06651
   8.7 -0.05438
   8.8 -0.04239
   8.9 -0.03059
   9.0 -0.01903
   9.1 -0.00774
   9.2 0.00326
   9.3 0.01400
   9.4 0.02451
   9.5 0.03485
   9.6 0.04509
   9.7 0.05529
   9.8 0.06552
   9.9 0.07581
  10.0 0.08618
  10.1 0.09662
  10.2 0.10708
  10.3 0.11750
  10.4 0.12776
  10.5 0.13777
  10.6 0.14740
  10.7 0.15650
  10.8 0.16494
  10.9 0.17252
  11.0 0.17907
  11.1 0.18443
  11.2 0.18844
  11.3 0.19103
  11.4 0.19217
  11.5 0.19191
  11.6 0.19037
  11.7 0.18773
  11.8 0.18416
  11.9 0.17986
  12.0 0.17496
  12.1 0.16958
  12.2 0.16379
  12.3 0.15763
  12.4 0.15115
  12.5 0.14439
  12.6 0.13741
  12.7 0.13029
  12.8 0.12309
  12.9 0.11591
  13.0 0.10880
  13.1 0.10182
  13.2 0.09502
  13.3 0.08846
  13.4 0.08218
  13.5 0.07624
  13.6 0.07069
  13.7 0.06560
  13.8 0.06099
  13.9 0.05688
  14.0 0.05324
  14.1 0.05002
  14.2 0.04714
  14.3 0.04454
  14.4 0.04215
  14.5 0.03992
  14.6 0.03785
  14.7 0.03592
  14.8 0.03412
  14.9 0.03245
  15.0 0.03090
  15.1 0.02942
  15.2 0.02799
  15.3 0.02656
  15.4 0.02509
  15.5 0.02356
  15.6 0.02194
  15.7 0.02019
  15.8 0.01823
  15.9 0.01599
  16.0 0.01336
  16.1 0.01025
  16.2 0.00657
  16.3 0.00226
  16.4 -0.00271
  16.5 -0.00833
  16.6 -0.01455
  16.7 -0.02133
  16.8 -0.02861
  16.9 -0.03633
  17.0 -0.04449
  17.1 -0.05309
  17.2 -0.06217
  17.3 -0.07179
  17.4 -0.08201
  17.5 -0.09288
  17.6 -0.10444
  17.7 -0.11669
  17.8 -0.12959
  17.9 -0.14310
  18.0 -0.15714
  18.1 -0.17163
  18.2 -0.18646
  18.3 -0.20156
  18.4 -0.21684
  18.5 -0.23225
  18.6 -0.24773
  18.7 -0.26321
  18.8 -0.27866
  18.9 -0.29401
  19.0 -0.30926
  19.1 -0.32437
  19.2 -0.33935
  19.3 -0.35417
  19.4 -0.36881
  19.5 -0.38327
  19.6 -0.39753
  19.7 -0.41159
  19.8 -0.42546
  19.9 -0.43917
  20.0 -0.45273
  20.1 -0.46617
  20.2 -0.47952
  20.3 -0.49281
  20.4 -0.50602
  20.5 -0.51916
  20.6 -0.53219
  20.7 -0.54507
  20.8 -0.55773
  20.9 -0.57013
  21.0 -0.58220
  21.1 -0.59391
  21.2 -0.60521
  21.3 -0.61610
  21.4 -0.62655
  21.5 -0.63658
  21.6 -0.64619
  21.7 -0.65539
  21.8 -0.66419
  21.9 -0.67259
  22.0 -0.68061
  22.1 -0.68822
  22.2 -0.69544
  22.3 -0.70223
  22.4 -0.70857
  22.5 -0.71442
  22.6 -0.71973
  22.7 -0.72446
  22.8 -0.72853
  22.9 -0.73187
  23.0 -0.73442
  23.1 -0.73611
  23.2 -0.73691
  23.3 -0.73680
  23.4 -0.73582
  23.5 -0.73403
  23.6 -0.73154
  23.7 -0.72844
  23.8 -0.72486
  23.9 -0.72092
  24.0 -0.71672
  24.1 -0.71237
  24.2 -0.70797
  24.3 -0.70361
  24.4 -0.69938
  24.5 -0.69533
  24.6 -0.69150
  24.7 -0.68792
  24.8 -0.68460
  24.9 -0.68152
  25.0 -0.67865
  25.1 -0.67599
  25.2 -0.67348
  25.3 -0.67110
  25.4 -0.66883
  25.5 -0.66662
  25.6 -0.66446
  25.7 -0.66233
  25.8 -0.66021
  25.9 -0.65809
  26.0 -0.65597
  26.1 -0.65386
  26.2 -0.65176
  26.3 -0.64969
  26.4 -0.64768
  26.5 -0.64577
  26.6 -0.64401
  26.7 -0.64242
  26.8 -0.64105
  26.9 -0.63992
  27.0 -0.63903
  27.1 -0.63837
  27.2 -0.63793
  27.3 -0.63765
  27.4 -0.63750
  27.5 -0.63743
  27.6 -0.63740
  27.7 -0.63738
  27.8 -0.63733
  27.9 -0.63725
  28.0 -0.63713
  28.1 -0.63698
  28.2 -0.63681
  28.3 -0.63664
  28.4 -0.63648
  28.5 -0.63637
  28.6 -0.63631
  28.7 -0.63633
  28.8 -0.63643
  28.9 -0.63662
  29.0 -0.63690
  29.1 -0.63727
  29.2 -0.63772
  29.3 -0.63827
  29.4 -0.63889
  29.5 -0.63960
  29.6 -0.64040
  29.7 -0.64130
  29.8 -0.64232
  29.9 -0.64347
  30.0 -0.64476
  30.1 -0.64623
  30.2 -0.64790
  30.3 -0.64978
  30.4 -0.65192
  30.5 -0.65431
  30.6 -0.65699
  30.7 -0.65994
  30.8 -0.66315
  30.9 -0.66659
  31.0 -0.67023
  31.1 -0.67401
  31.2 -0.67785
  31.3 -0.68169
  31.4 -0.68545
  31.5 -0.68904
  31.6 -0.69240
  31.7 -0.69546
  31.8 -0.69819
  31.9 -0.70057
  32.0 -0.70261
  32.1 -0.70433
  32.2 -0.70578
  32.3 -0.70702
  32.4 -0.70810
  32.5 -0.70906
  32.6 -0.70994
  32.7 -0.71073
  32.8 -0.71141
  32.9 -0.71194
  33.0 -0.71227
  33.1 -0.71234
  33.2 -0.71207
  33.3 -0.71138
  33.4 -0.71018
  33.5 -0.70837
  33.6 -0.70590
  33.7 -0.70267
  33.8 -0.69866
  33.9 -0.69383
  34.0 -0.68817
  34.1 -0.68167
  34.2 -0.67434
  34.3 -0.66622
  34.4 -0.65735
  34.5 -0.64777
  34.6 -0.63755
  34.7 -0.62672
  34.8 -0.61537
  34.9 -0.60355
  35.0 -0.59135
  35.1 -0.57883
  35.2 -0.56608
  35.3 -0.55316
  35.4 -0.54014
  35.5 -0.52710
  35.6 -0.51410
  35.7 -0.50123
  35.8 -0.48856
  35.9 -0.47616
  36.0 -0.46412
  36.1 -0.45249
  36.2 -0.44136
  36.3 -0.43075
  36.4 -0.42073
  36.5 -0.41131
  36.6 -0.40252
  36.7 -0.39440
  36.8 -0.38694
  36.9 -0.38019
  37.0 -0.37417
  37.1 -0.36890
  37.2 -0.36440
  37.3 -0.36068
  37.4 -0.35776
  37.5 -0.35562
  37.6 -0.35426
  37.7 -0.35368
  37.8 -0.35387
  37.9 -0.35487
  38.0 -0.35667
  38.1 -0.35933
  38.2 -0.36288
  38.3 -0.36737
  38.4 -0.37284
  38.5 -0.37929
  38.6 -0.38669
  38.7 -0.39493
  38.8 -0.40386
  38.9 -0.41327
  39.0 -0.42289
  39.1 -0.43242
  39.2 -0.44155
  39.3 -0.44994
  39.4 -0.45724
  39.5 -0.46315
  39.6 -0.46734
  39.7 -0.46955
  39.8 -0.46956
  39.9 -0.46719
  40.0 -0.46235
  40.1 -0.45499
  40.2 -0.44517
  40.3 -0.43299
  40.4 -0.41863
  40.5 -0.40231
  40.6 -0.38432
  40.7 -0.36496
  40.8 -0.34456
  40.9 -0.32341
  41.0 -0.30178
  41.1 -0.27988
  41.2 -0.25789
  41.3 -0.23591
  41.4 -0.21407
  41.5 -0.19247
  41.6 -0.17126
  41.7 -0.15061
  41.8 -0.13077
  41.9 -0.11199
  42.0 -0.09457
  42.1 -0.07878
  42.2 -0.06481
  42.3 -0.05283
  42.4 -0.04287
  42.5 -0.03484
  42.6 -0.02856
  42.7 -0.02372
  42.8 -0.01998
  42.9 -0.01693
  43.0 -0.01418
  43.1 -0.01136
  43.2 -0.00818
  43.3 -0.00440
  43.4 0.00008
  43.5 0.00530
  43.6 0.01119
  43.7 0.01764
  43.8 0.02450
  43.9 0.03161
  44.0 0.03879
  44.1 0.04591
  44.2 0.05285
  44.3 0.05954
  44.4 0.06593
  44.5 0.07197
  44.6 0.07763
  44.7 0.08284
  44.8 0.08754
  44.9 0.09168
  45.0 0.09525
  45.1 0.09825
  45.2 0.10072
  45.3 0.10270
  45.4 0.10422
  45.5 0.10529
  45.6 0.10592
  45.7 0.10611
  45.8 0.10587
  45.9 0.10520
  46.0 0.10409
  46.1 0.10254
  46.2 0.10057
  46.3 0.09821
  46.4 0.09553
  46.5 0.09255
  46.6 0.08933
  46.7 0.08589
  46.8 0.08225
  46.9 0.07845
  47.0 0.07451
  47.1 0.07045
  47.2 0.06627
  47.3 0.06198
  47.4 0.05758
  47.5 0.05305
  47.6 0.04839
  47.7 0.04357
  47.8 0.03858
  47.9 0.03343
  48.0 0.02815
  48.1 0.02279
  48.2 0.01743
  48.3 0.01215
  48.4 0.00702
  48.5 0.00210
  48.6 -0.00256
  48.7 -0.00693
  48.8 -0.01102
  48.9 -0.01482
  49.0 -0.01837
  49.1 -0.02170
  49.2 -0.02488
  49.3 -0.02793
  49.4 -0.03090
  49.5 -0.03383
  49.6 -0.03676
  49.7 -0.03972
  49.8 -0.04278
  49.9 -0.04600
  50.0 -0.04946
  50.1 -0.05325
  50.2 -0.05745
  50.3 -0.06211
  50.4 -0.06727
  50.5 -0.07294
  50.6 -0.07910
  50.7 -0.08577
  50.8 -0.09292
  50.9 -0.10054
  51.0 -0.10863
  51.1 -0.11718
  51.2 -0.12621
  51.3 -0.13571
  51.4 -0.14571
  51.5 -0.15621
  51.6 -0.16721
  51.7 -0.17871
  51.8 -0.19070
  51.9 -0.20316
  52.0 -0.21606
  52.1 -0.22939
  52.2 -0.24314
  52.3 -0.25732
  52.4 -0.27193
  52.5 -0.28701
  52.6 -0.30260
  52.7 -0.31873
  52.8 -0.33542
  52.9 -0.35267
  53.0 -0.37047
  53.1 -0.38877
  53.2 -0.40755
  53.3 -0.42674
  53.4 -0.44631
  53.5 -0.46621
  53.6 -0.48636
  53.7 -0.50670
  53.8 -0.52712
  53.9 -0.54750
  54.0 -0.56772
  54.1 -0.58764
  54.2 -0.60711
  54.3 -0.62599
  54.4 -0.64416
  54.5 -0.66148
  54.6 -0.67783
  54.7 -0.69312
  54.8 -0.70725
  54.9 -0.72014
  55.0 -0.73171
  55.1 -0.74193
  55.2 -0.75074
  55.3 -0.75813
  55.4 -0.76410
  55.5 -0.76867
  55.6 -0.77188
  55.7 -0.77379
  55.8 -0.77450
  55.9 -0.77414
  56.0 -0.77286
  56.1 -0.77081
  56.2 -0.76815
  56.3 -0.76501
  56.4 -0.76150
  56.5 -0.75772
  56.6 -0.75376
  56.7 -0.74967
  56.8 -0.74550
  56.9 -0.74130
  57.0 -0.73710
  57.1 -0.73294
  57.2 -0.72886
  57.3 -0.72489
  57.4 -0.72107
  57.5 -0.71740
  57.6 -0.71391
  57.7 -0.71060
  57.8 -0.70745
  57.9 -0.70444
  58.0 -0.70152
  58.1 -0.69865
  58.2 -0.69576
  58.3 -0.69282
  58.4 -0.68977
  58.5 -0.68657
  58.6 -0.68322
  58.7 -0.67969
  58.8 -0.67600
  58.9 -0.67215
  59.0 -0.66818
  59.1 -0.66414
  59.2 -0.66008
  59.3 -0.65608
  59.4 -0.65220
  59.5 -0.64852
  59.6 -0.64510
  59.7 -0.64199
  59.8 -0.63926
  59.9 -0.63698
  60.0 -0.63519
  60.1 -0.63392
  60.2 -0.63319
  60.3 -0.63297
  60.4 -0.63323
  60.5 -0.63391
  60.6 -0.63495
  60.7 -0.63625
  60.8 -0.63774
  60.9 -0.63929
  61.0 -0.64078
  61.1 -0.64211
  61.2 -0.64316
  61.3 -0.64384
  61.4 -0.64408
  61.5 -0.64386
  61.6 -0.64318
