   0.0 3.71125
   0.1 3.71124
   0.2 3.71123
   0.3 3.71123
   0.4 3.71122
   0.5 3.71121
   0.6 3.71120
   0.7 3.71119
   0.8 3.71119
   0.9 3.71118
   1.0 3.71117
   1.1 3.71116
   1.2 3.71115
   1.3 3.71114
   1.4 3.71114
   1.5 3.71113
   1.6 3.71112
   1.7 3.71111
   1.8 3.71110
   1.9 3.71110
   2.0 3.71109
   2.1 3.71108
   2.2 3.71108
   2.3 3.71107
   2.4 3.71106
   2.5 3.71106
   2.6 3.71105
   2.7 3.71105
   2.8 3.71104
   2.9 3.71104
   3.0 3.71103
   3.1 3.71103
   3.2 3.71102
   3.3 3.71102
   3.4 3.71102
   3.5 3.71101
   3.6 3.71101
   3.7 3.71101
   3.8 3.71100
   3.9 3.71100
   4.0 3.71099
   4.1 3.71099
   4.2 3.71099
   4.3 3.71098
   4.4 3.71098
   4.5 3.71097
   4.6 3.71097
   4.7 3.71097
   4.8 3.71096
   4.9 3.71096
   5.0 3.71095
   5.1 3.71095
   5.2 3.71094
   5.3 3.71094
   5.4 3.71093
   5.5 3.71093
   5.6 3.71092
   5.7 3.71092
   5.8 3.71092
   5.9 3.71091
   6.0 3.71091
   6.1 3.71090
   6.2 3.71090
   6.3 3.71089
   6.4 3.71089
   6.5 3.71088
   6.6 3.71088
   6.7 3.71087
   6.8 3.71087
   6.9 3.71086
   7.0 3.71086
   7.1 3.71085
   7.2 3.71085
   7.3 3.71084
   7.4 3.71084
   7.5 3.71083
   7.6 3.71082
   7.7 3.71082
   7.8 3.71081
   7.9 3.71080
   8.0 3.71079
   8.1 3.71079
   8.2 3.71078
   8.3 3.71077
   8.4 3.71076
   8.5 3.71075
   8.6 3.71074
   8.7 3.71073
   8.8 3.71072
   8.9 3.71071
   9.0 3.71070
   9.1 3.71069
   9.2 3.71068
   9.3 3.71067
   9.4 3.71066
   9.5 3.71065
   9.6 3.71064
   9.7 3.71063
   9.8 3.71062
   9.9 3.71061
  10.0 3.71060
  10.1 3.71059
  10.2 3.71058
  10.3 3.71058
  10.4 3.71057
  10.5 3.71056
  10.6 3.71055
  10.7 3.71054
  10.8 3.71053
  10.9 3.71052
  11.0 3.71052
  11.1 3.71051
  11.2 3.71050
  11.3 3.71050
  11.4 3.71049
  11.5 3.71048
  11.6 3.71048
  11.7 3.71047
  11.8 3.71047
  11.9 3.71046
  12.0 3.71046
  12.1 3.71045
  12.2 3.71045
  12.3 3.71044
  12.4 3.71044
  12.5 3.71043
  12.6 3.71043
  12.7 3.71043
  12.8 3.71042
  12.9 3.71042
  13.0 3.71041
  13.1 3.71041
  13.2 3.71041
  13.3 3.71040
  13.4 3.71040
  13.5 3.71039
  13.6 3.71039
  13.7 3.71038
  13.8 3.71038
  13.9 3.71037
  14.0 3.71036
  14.1 3.71036
  14.2 3.71035
  14.3 3.71034
  14.4 3.71033
  14.5 3.71032
  14.6 3.71031
  14.7 3.71030
  14.8 3.71029
  14.9 3.71028
  15.0 3.71027
  15.1 3.71026
  15.2 3.71025
  15.3 3.71024
  15.4 3.71022
  15.5 3.71021
  15.6 3.71019
  15.7 3.71018
  15.8 3.71016
  15.9 3.71015
  16.0 3.71013
  16.1 3.71011
  16.2 3.71009
  16.3 3.71008
  16.4 3.71006
  16.5 3.71004
  16.6 3.71002
  16.7 3.71000
  16.8 3.70998
  16.9 3.70996
  17.0 3.70993
  17.1 3.70991
  17.2 3.70989
  17.3 3.70987
  17.4 3.70984
  17.5 3.70982
  17.6 3.70980
  17.7 3.70977
  17.8 3.70975
  17.9 3.70972
  18.0 3.70970
  18.1 3.70967
  18.2 3.70965
  18.3 3.70962
  18.4 3.70960
  18.5 3.70957
  18.6 3.70955
  18.7 3.70952
  18.8 3.70949
  18.9 3.70947
  19.0 3.70944
  19.1 3.70942
  19.2 3.70940
  19.3 3.70937
  19.4 3.70935
  19.5 3.70932
  19.6 3.70930
  19.7 3.70928
  19.8 3.70926
  19.9 3.70923
  20.0 3.70921
  20.1 3.70919
  20.2 3.70917
  20.3 3.70915
  20.4 3.70913
  20.5 3.70912
  20.6 3.70910
  20.7 3.70908
  20.8 3.70907
  20.9 3.70905
  21.0 3.70904
  21.1 3.70902
  21.2 3.70901
  21.3 3.70900
  21.4 3.70899
  21.5 3.70898
  21.6 3.70897
  21.7 3.70896
  21.8 3.70895
  21.9 3.70895
  22.0 3.70894
  22.1 3.70894
  22.2 3.70893
  22.3 3.70893
  22.4 3.70893
  22.5 3.70893
  22.6 3.70893
  22.7 3.70893
  22.8 3.70893
  22.9 3.70893
  23.0 3.70894
  23.1 3.70894
  23.2 3.70895
  23.3 3.70895
  23.4 3.70896
  23.5 3.70897
  23.6 3.70898
  23.7 3.70899
  23.8 3.70900
  23.9 3.70901
  24.0 3.70903
  24.1 3.70904
  24.2 3.70906
  24.3 3.70907
  24.4 3.70909
  24.5 3.70911
  24.6 3.70913
  24.7 3.70915
  24.8 3.70917
  24.9 3.70920
  25.0 3.70922
  25.1 3.70925
  25.2 3.70927
  25.3 3.70930
  25.4 3.70933
  25.5 3.70935
  25.6 3.70938
  25.7 3.70941
  25.8 3.70944
  25.9 3.70947
  26.0 3.70950
  26.1 3.70954
  26.2 3.70957
  26.3 3.70960
  26.4 3.70963
  26.5 3.70967
  26.6 3.70970
  26.7 3.70973
  26.8 3.70977
  26.9 3.70980
  27.0 3.70983
  27.1 3.70987
  27.2 3.70990
  27.3 3.70993
  27.4 3.70997
  27.5 3.71000
  27.6 3.71004
  27.7 3.71007
  27.8 3.71010
  27.9 3.71013
  28.0 3.71017
  28.1 3.71020
  28.2 3.71023
  28.3 3.71026
  28.4 3.71029
  28.5 3.71033
  28.6 3.71036
  28.7 3.71038
  28.8 3.71041
  28.9 3.71044
  29.0 3.71047
  29.1 3.71050
  29.2 3.71052
  29.3 3.71055
  29.4 3.71057
  29.5 3.71060
  29.6 3.71062
  29.7 3.71064
  29.8 3.71066
  29.9 3.71068
  30.0 3.71070
  30.1 3.71072
  30.2 3.71074
  30.3 3.71075
  30.4 3.71077
  30.5 3.71078
  30.6 3.71080
  30.7 3.71081
  30.8 3.71082
  30.9 3.71083
  31.0 3.71084
  31.1 3.71085
  31.2 3.71086
  31.3 3.71087
  31.4 3.71087
  31.5 3.71088
  31.6 3.71088
  31.7 3.71089
  31.8 3.71089
  31.9 3.71090
  32.0 3.71090
  32.1 3.71090
  32.2 3.71090
  32.3 3.71091
  32.4 3.71091
  32.5 3.71091
  32.6 3.71091
  32.7 3.71091
  32.8 3.71091
  32.9 3.71091
  33.0 3.71091
  33.1 3.71091
  33.2 3.71091
  33.3 3.71091
  33.4 3.71091
  33.5 3.71091
  33.6 3.71091
  33.7 3.71091
  33.8 3.71091
  33.9 3.71091
  34.0 3.71091
  34.1 3.71091
  34.2 3.71092
  34.3 3.71092
  34.4 3.71092
  34.5 3.71092
  34.6 3.71092
  34.7 3.71092
  34.8 3.71093
  34.9 3.71093
  35.0 3.71093
  35.1 3.71093
  35.2 3.71093
  35.3 3.71094
  35.4 3.71094
  35.5 3.71094
  35.6 3.71094
  35.7 3.71095
  35.8 3.71095
  35.9 3.71095
  36.0 3.71095
  36.1 3.71096
  36.2 3.71096
  36.3 3.71096
  36.4 3.71096
  36.5 3.71097
  36.6 3.71097
  36.7 3.71097
  36.8 3.71097
  36.9 3.71098
  37.0 3.71098
  37.1 3.71098
  37.2 3.71098
  37.3 3.71098
  37.4 3.71099
  37.5 3.71099
  37.6 3.71099
  37.7 3.71099
  37.8 3.71100
  37.9 3.71100
  38.0 3.71100
  38.1 3.71100
  38.2 3.71100
  38.3 3.71101
  38.4 3.71101
  38.5 3.71101
  38.6 3.71101
  38.7 3.71102
  38.8 3.71102
  38.9 3.71102
  39.0 3.71102
  39.1 3.71103
  39.2 3.71103
  39.3 3.71103
  39.4 3.71103
  39.5 3.71104
  39.6 3.71104
  39.7 3.71104
  39.8 3.71105
  39.9 3.71105
  40.0 3.71105
  40.1 3.71106
  40.2 3.71106
  40.3 3.71106
  40.4 3.71107
  40.5 3.71107
  40.6 3.71108
  40.7 3.71108
  40.8 3.71109
  40.9 3.71109
  41.0 3.71110
  41.1 3.71111
  41.2 3.71111
  41.3 3.71112
  41.4 3.71112
  41.5 3.71113
  41.6 3.71113
  41.7 3.71114
  41.8 3.71114
  41.9 3.71115
  42.0 3.71116
  42.1 3.71116
  42.2 3.71117
  42.3 3.71117
  42.4 3.71118
  42.5 3.71118
  42.6 3.71119
  42.7 3.71119
  42.8 3.71120
  42.9 3.71121
  43.0 3.71121
  43.1 3.71122
  43.2 3.71122
  43.3 3.71123
  43.4 3.71123
  43.5 3.71123
  43.6 3.71124
  43.7 3.71124
  43.8 3.71125
  43.9 3.71125
  44.0 3.71125
  44.1 3.71126
  44.2 3.71126
  44.3 3.71126
  44.4 3.71127
  44.5 3.71127
  44.6 3.71127
  44.7 3.71127
  44.8 3.71127
  44.9 3.71127
  45.0 3.71128
  45.1 3.71128
  45.2 3.71127
  45.3 3.71127
  45.4 3.71127
  45.5 3.71127
  45.6 3.71127
  45.7 3.71127
  45.8 3.71126
  45.9 3.71126
  46.0 3.71125
  46.1 3.71125
  46.2 3.71124
  46.3 3.71124
  46.4 3.71123
  46.5 3.71123
  46.6 3.71122
  46.7 3.71121
  46.8 3.71120
  46.9 3.71119
  47.0 3.71118
  47.1 3.71117
  47.2 3.71116
  47.3 3.71115
  47.4 3.71114
  47.5 3.71113
  47.6 3.71112
  47.7 3.71111
  47.8 3.71109
  47.9 3.71108
  48.0 3.71106
  48.1 3.71105
  48.2 3.71103
  48.3 3.71101
  48.4 3.71100
  48.5 3.71098
  48.6 3.71096
  48.7 3.71094
  48.8 3.71092
  48.9 3.71090
  49.0 3.71088
  49.1 3.71086
  49.2 3.71084
  49.3 3.71082
  49.4 3.71080
  49.5 3.71078
  49.6 3.71075
  49.7 3.71073
  49.8 3.71071
  49.9 3.71068
  50.0 3.71066
  50.1 3.71064
  50.2 3.71061
  50.3 3.71059
  50.4 3.71056
  50.5 3.71054
  50.6 3.71051
  50.7 3.71049
  50.8 3.71046
  50.9 3.71043
  51.0 3.71041
  51.1 3.71038
  51.2 3.71035
  51.3 3.71033
  51.4 3.71030
  51.5 3.71027
  51.6 3.71024
  51.7 3.71022
  51.8 3.71019
  51.9 3.71016
  52.0 3.71013
  52.1 3.71010
  52.2 3.71007
  52.3 3.71004
  52.4 3.71002
  52.5 3.70999
  52.6 3.70996
  52.7 3.70993
  52.8 3.70990
  52.9 3.70987
  53.0 3.70984
  53.1 3.70981
  53.2 3.70978
  53.3 3.70975
  53.4 3.70972
  53.5 3.70969
  53.6 3.70966
  53.7 3.70963
  53.8 3.70960
  53.9 3.70957
  54.0 3.70954
  54.1 3.70951
  54.2 3.70948
  54.3 3.70945
  54.4 3.70943
  54.5 3.70940
  54.6 3.70937
  54.7 3.70934
  54.8 3.70932
  54.9 3.70929
  55.0 3.70926
  55.1 3.70924
  55.2 3.70921
  55.3 3.70919
  55.4 3.70917
  55.5 3.70915
  55.6 3.70912
  55.7 3.70910
  55.8 3.70908
  55.9 3.70906
  56.0 3.70904
  56.1 3.70903
  56.2 3.70901
  56.3 3.70899
  56.4 3.70898
  56.5 3.70897
  56.6 3.70895
  56.7 3.70894
  56.8 3.70893
  56.9 3.70892
  57.0 3.70891
  57.1 3.70890
  57.2 3.70889
  57.3 3.70888
  57.4 3.70888
  57.5 3.70887
  57.6 3.70886
  57.7 3.70886
  57.8 3.70885
  57.9 3.70885
  58.0 3.70885
