  0.00   2.59
  0.10   2.59
  0.20   2.60
  0.30   2.60
  0.40   2.60
  0.50   2.60
  0.60   2.60
  0.70   2.60
  0.80   2.60
  0.90   2.60
  1.00   2.60
  1.10   2.60
  1.20   2.59
  1.30   2.59
  1.40   2.59
  1.50   2.59
  1.60   2.59
  1.70   2.59
  1.80   2.59
  1.90   2.59
  2.00   2.59
  2.10   2.58
  2.20   2.58
  2.30   2.58
  2.40   2.58
  2.50   2.58
  2.60   2.58
  2.70   2.58
  2.80   2.57
  2.90   2.57
  3.00   2.57
  3.10   2.57
  3.20   2.57
  3.30   2.57
  3.40   2.57
  3.50   2.56
  3.60   2.56
  3.70   2.56
  3.80   2.56
  3.90   2.56
  4.00   2.56
  4.10   2.56
  4.20   2.56
  4.30   2.56
  4.40   2.56
  4.50   2.56
  4.60   2.56
  4.70   2.56
  4.80   2.56
  4.90   2.57
  5.00   2.57
  5.10   2.57
  5.20   2.57
  5.30   2.57
  5.40   2.57
  5.50   2.57
  5.60   2.58
  5.70   2.58
  5.80   2.58
  5.90   2.58
  6.00   2.58
  6.10   2.59
  6.20   2.59
  6.30   2.59
  6.40   2.59
  6.50   2.59
  6.60   2.60
  6.70   2.60
  6.80   2.60
  6.90   2.60
  7.00   2.60
  7.10   2.61
  7.20   2.61
  7.30   2.61
  7.40   2.61
  7.50   2.61
  7.60   2.62
  7.70   2.62
  7.80   2.62
  7.90   2.62
  8.00   2.62
  8.10   2.62
  8.20   2.63
  8.30   2.63
  8.40   2.63
  8.50   2.63
  8.60   2.63
  8.70   2.64
  8.80   2.64
  8.90   2.64
  9.00   2.64
  9.10   2.64
  9.20   2.64
  9.30   2.64
  9.40   2.65
  9.50   2.65
  9.60   2.65
  9.70   2.65
  9.80   2.65
  9.90   2.65
 10.00   2.65
 10.10   2.65
 10.20   2.65
 10.30   2.65
 10.40   2.66
 10.50   2.66
 10.60   2.66
 10.70   2.66
 10.80   2.66
 10.90   2.66
 11.00   2.66
 11.10   2.66
 11.20   2.66
 11.30   2.66
 11.40   2.66
 11.50   2.66
 11.60   2.66
 11.70   2.66
 11.80   2.66
 11.90   2.66
 12.00   2.66
 12.10   2.66
 12.20   2.66
 12.30   2.65
 12.40   2.65
 12.50   2.65
 12.60   2.65
 12.70   2.65
 12.80   2.64
 12.90   2.64
 13.00   2.64
 13.10   2.64
 13.20   2.63
 13.30   2.63
 13.40   2.63
 13.50   2.62
 13.60   2.62
 13.70   2.62
 13.80   2.61
 13.90   2.61
 14.00   2.60
 14.10   2.60
 14.20   2.60
 14.30   2.59
 14.40   2.59
 14.50   2.58
 14.60   2.58
 14.70   2.58
 14.80   2.57
 14.90   2.57
 15.00   2.56
 15.10   2.56
 15.20   2.56
 15.30   2.55
 15.40   2.55
 15.50   2.55
 15.60   2.54
 15.70   2.54
 15.80   2.54
 15.90   2.54
 16.00   2.53
 16.10   2.53
 16.20   2.53
 16.30   2.53
 16.40   2.53
 16.50   2.53
 16.60   2.53
 16.70   2.52
 16.80   2.52
 16.90   2.52
 17.00   2.52
 17.10   2.52
 17.20   2.53
 17.30   2.53
 17.40   2.53
 17.50   2.53
 17.60   2.53
 17.70   2.53
 17.80   2.53
 17.90   2.53
 18.00   2.53
 18.10   2.53
 18.20   2.53
 18.30   2.53
 18.40   2.54
 18.50   2.54
 18.60   2.54
 18.70   2.54
 18.80   2.54
 18.90   2.54
 19.00   2.54
 19.10   2.54
 19.20   2.54
 19.30   2.54
 19.40   2.54
 19.50   2.55
 19.60   2.55
 19.70   2.55
 19.80   2.55
 19.90   2.55
 20.00   2.55
 20.10   2.55
 20.20   2.55
 20.30   2.55
 20.40   2.55
 20.50   2.55
 20.60   2.55
 20.70   2.55
 20.80   2.55
 20.90   2.55
 21.00   2.55
 21.10   2.55
 21.20   2.55
 21.30   2.55
 21.40   2.55
 21.50   2.55
 21.60   2.54
 21.70   2.54
 21.80   2.54
 21.90   2.54
 22.00   2.54
 22.10   2.54
 22.20   2.54
 22.30   2.54
 22.40   2.53
 22.50   2.53
 22.60   2.53
 22.70   2.53
 22.80   2.53
 22.90   2.53
 23.00   2.53
 23.10   2.52
 23.20   2.52
 23.30   2.52
 23.40   2.52
 23.50   2.52
 23.60   2.52
 23.70   2.52
 23.80   2.52
 23.90   2.52
 24.00   2.52
 24.10   2.52
 24.20   2.52
 24.30   2.52
 24.40   2.52
 24.50   2.52
 24.60   2.53
 24.70   2.53
 24.80   2.53
 24.90   2.53
 25.00   2.53
 25.10   2.53
 25.20   2.53
 25.30   2.53
 25.40   2.53
 25.50   2.54
 25.60   2.54
 25.70   2.54
 25.80   2.54
 25.90   2.54
 26.00   2.54
 26.10   2.54
 26.20   2.54
 26.30   2.54
 26.40   2.54
 26.50   2.54
 26.60   2.54
 26.70   2.54
 26.80   2.55
 26.90   2.55
 27.00   2.55
 27.10   2.55
 27.20   2.55
 27.30   2.55
 27.40   2.55
 27.50   2.55
 27.60   2.55
 27.70   2.55
 27.80   2.55
 27.90   2.56
 28.00   2.56
 28.10   2.56
 28.20   2.56
 28.30   2.56
 28.40   2.56
 28.50   2.56
 28.60   2.56
 28.70   2.56
 28.80   2.56
 28.90   2.56
 29.00   2.56
 29.10   2.56
 29.20   2.55
 29.30   2.55
 29.40   2.55
 29.50   2.55
 29.60   2.55
 29.70   2.55
 29.80   2.55
 29.90   2.55
 30.00   2.55
 30.10   2.56
 30.20   2.56
 30.30   2.56
 30.40   2.56
 30.50   2.56
 30.60   2.56
 30.70   2.57
 30.80   2.57
 30.90   2.57
 31.00   2.58
 31.10   2.58
 31.20   2.59
 31.30   2.59
 31.40   2.59
 31.50   2.60
 31.60   2.60
 31.70   2.61
 31.80   2.61
 31.90   2.62
 32.00   2.62
 32.10   2.63
 32.20   2.63
 32.30   2.63
 32.40   2.64
 32.50   2.64
 32.60   2.64
 32.70   2.65
 32.80   2.65
 32.90   2.65
 33.00   2.66
 33.10   2.66
 33.20   2.66
 33.30   2.66
 33.40   2.66
 33.50   2.67
 33.60   2.67
 33.70   2.67
 33.80   2.67
 33.90   2.67
 34.00   2.67
 34.10   2.67
 34.20   2.67
 34.30   2.67
 34.40   2.67
 34.50   2.67
 34.60   2.66
 34.70   2.66
 34.80   2.66
 34.90   2.66
 35.00   2.66
 35.10   2.65
 35.20   2.65
 35.30   2.65
 35.40   2.65
 35.50   2.64
 35.60   2.64
 35.70   2.64
 35.80   2.64
 35.90   2.63
 36.00   2.63
 36.10   2.63
 36.20   2.62
 36.30   2.62
 36.40   2.62
 36.50   2.62
 36.60   2.61
 36.70   2.61
 36.80   2.61
 36.90   2.60
 37.00   2.60
 37.10   2.60
 37.20   2.60
 37.30   2.59
 37.40   2.59
 37.50   2.59
 37.60   2.59
 37.70   2.59
 37.80   2.58
 37.90   2.58
 38.00   2.58
 38.10   2.58
 38.20   2.58
 38.30   2.58
 38.40   2.58
 38.50   2.58
 38.60   2.58
 38.70   2.57
 38.80   2.57
 38.90   2.57
 39.00   2.57
 39.10   2.57
 39.20   2.57
 39.30   2.57
 39.40   2.57
 39.50   2.57
 39.60   2.57
 39.70   2.57
 39.80   2.57
 39.90   2.57
 40.00   2.57
 40.10   2.57
 40.20   2.57
 40.30   2.57
 40.40   2.57
 40.50   2.57
 40.60   2.57
 40.70   2.57
 40.80   2.57
 40.90   2.57
 41.00   2.57
 41.10   2.57
 41.20   2.57
 41.30   2.57
 41.40   2.57
 41.50   2.57
 41.60   2.57
 41.70   2.57
 41.80   2.57
 41.90   2.57
 42.00   2.57
 42.10   2.57
 42.20   2.57
 42.30   2.57
 42.40   2.57
 42.50   2.57
 42.60   2.57
 42.70   2.57
 42.80   2.57
 42.90   2.57
 43.00   2.57
 43.10   2.57
 43.20   2.58
 43.30   2.58
 43.40   2.58
 43.50   2.58
 43.60   2.58
 43.70   2.58
 43.80   2.58
 43.90   2.58
 44.00   2.58
 44.10   2.58
 44.20   2.58
 44.30   2.58
 44.40   2.58
 44.50   2.58
 44.60   2.58
 44.70   2.57
 44.80   2.57
 44.90   2.57
 45.00   2.57
 45.10   2.57
 45.20   2.57
 45.30   2.57
 45.40   2.57
 45.50   2.57
 45.60   2.57
 45.70   2.57
 45.80   2.57
 45.90   2.57
 46.00   2.56
 46.10   2.56
 46.20   2.56
 46.30   2.56
 46.40   2.56
 46.50   2.56
 46.60   2.56
 46.70   2.56
 46.80   2.55
 46.90   2.55
 47.00   2.55
 47.10   2.55
 47.20   2.55
 47.30   2.55
 47.40   2.55
 47.50   2.55
 47.60   2.55
 47.70   2.55
 47.80   2.55
 47.90   2.55
 48.00   2.55
 48.10   2.55
 48.20   2.55
 48.30   2.55
 48.40   2.55
 48.50   2.55
 48.60   2.55
 48.70   2.55
 48.80   2.55
 48.90   2.55
 49.00   2.55
 49.10   2.55
 49.20   2.55
 49.30   2.55
 49.40   2.55
 49.50   2.55
 49.60   2.55
 49.70   2.55
 49.80   2.56
 49.90   2.56
 50.00   2.56
 50.10   2.56
 50.20   2.56
 50.30   2.56
 50.40   2.56
 50.50   2.56
 50.60   2.56
 50.70   2.56
 50.80   2.57
 50.90   2.57
 51.00   2.57
 51.10   2.57
 51.20   2.57
 51.30   2.57
 51.40   2.57
 51.50   2.57
 51.60   2.57
 51.70   2.57
 51.80   2.57
 51.90   2.57
 52.00   2.56
 52.10   2.56
 52.20   2.56
 52.30   2.56
 52.40   2.56
 52.50   2.56
 52.60   2.56
 52.70   2.56
 52.80   2.56
 52.90   2.56
 53.00   2.55
 53.10   2.55
 53.20   2.55
 53.30   2.55
 53.40   2.55
 53.50   2.55
 53.60   2.55
 53.70   2.55
 53.80   2.55
 53.90   2.54
 54.00   2.54
 54.10   2.54
 54.20   2.54
 54.30   2.54
 54.40   2.54
 54.50   2.54
 54.60   2.54
 54.70   2.54
 54.80   2.54
 54.90   2.54
 55.00   2.54
 55.10   2.54
 55.20   2.53
 55.30   2.53
 55.40   2.53
 55.50   2.53
 55.60   2.53
 55.70   2.53
 55.80   2.53
 55.90   2.53
 56.00   2.53
 56.10   2.52
 56.20   2.52
 56.30   2.52
 56.40   2.52
 56.50   2.52
 56.60   2.52
 56.70   2.52
 56.80   2.52
 56.90   2.52
 57.00   2.52
 57.10   2.52
 57.20   2.52
 57.30   2.52
 57.40   2.52
 57.50   2.52
 57.60   2.52
 57.70   2.52
 57.80   2.52
 57.90   2.52
 58.00   2.52
