 0.000 0.27220
 0.010 0.46385
 0.020 0.47684
 0.030 0.48971
 0.040 0.50246
 0.050 0.51509
 0.060 0.52760
 0.070 0.53998
 0.080 0.55225
 0.090 0.56439
 0.100 0.57642
 0.110 0.58835
 0.120 0.60017
 0.130 0.61189
 0.140 0.62353
 0.150 0.63508
 0.160 0.64658
 0.170 0.65801
 0.180 0.66940
 0.190 0.68075
 0.200 0.69207
 0.210 0.70336
 0.220 0.71462
 0.230 0.72586
 0.240 0.73708
 0.250 0.74830
 0.260 0.75952
 0.270 0.77074
 0.280 0.78198
 0.290 0.79324
 0.300 0.80453
 0.310 0.81586
 0.320 0.82724
 0.330 0.83868
 0.340 0.85019
 0.350 0.86178
 0.360 0.87346
 0.370 0.88524
 0.380 0.89714
 0.390 0.90916
 0.400 0.92132
 0.410 0.93363
 0.420 0.94610
 0.430 0.95873
 0.440 0.97152
 0.450 0.98446
 0.460 0.99756
 0.470 1.01079
 0.480 1.02413
 0.490 1.03755
 0.500 1.05103
 0.510 1.06453
 0.520 1.07800
 0.530 1.09142
 0.540 1.10475
 0.550 1.11795
 0.560 1.13100
 0.570 1.14389
 0.580 1.15659
 0.590 1.16910
 0.600 1.18142
 0.610 1.19356
 0.620 1.20552
 0.630 1.21731
 0.640 1.22895
 0.650 1.24045
 0.660 1.25183
 0.670 1.26310
 0.680 1.27427
 0.690 1.28537
 0.700 1.29641
 0.710 1.30738
 0.720 1.31832
 0.730 1.32921
 0.740 1.34007
 0.750 1.35092
 0.760 1.36175
 0.770 1.37260
 0.780 1.38347
 0.790 1.39438
 0.800 1.40536
 0.810 1.41643
 0.820 1.42760
 0.830 1.43889
 0.840 1.45030
 0.850 1.46184
 0.860 1.47351
 0.870 1.48528
 0.880 1.49714
