   0.0 5.19450
   0.1 5.19493
   0.2 5.19534
   0.3 5.19572
   0.4 5.19607
   0.5 5.19637
   0.6 5.19664
   0.7 5.19685
   0.8 5.19703
   0.9 5.19717
   1.0 5.19727
   1.1 5.19735
   1.2 5.19740
   1.3 5.19743
   1.4 5.19744
   1.5 5.19745
   1.6 5.19744
   1.7 5.19744
   1.8 5.19743
   1.9 5.19742
   2.0 5.19741
   2.1 5.19740
   2.2 5.19739
   2.3 5.19738
   2.4 5.19738
   2.5 5.19738
   2.6 5.19740
   2.7 5.19742
   2.8 5.19745
   2.9 5.19748
   3.0 5.19753
   3.1 5.19759
   3.2 5.19765
   3.3 5.19772
   3.4 5.19780
   3.5 5.19787
   3.6 5.19795
   3.7 5.19803
   3.8 5.19810
   3.9 5.19818
   4.0 5.19825
   4.1 5.19831
   4.2 5.19837
   4.3 5.19842
   4.4 5.19845
   4.5 5.19846
   4.6 5.19845
   4.7 5.19841
   4.8 5.19834
   4.9 5.19823
   5.0 5.19808
   5.1 5.19789
   5.2 5.19765
   5.3 5.19735
   5.4 5.19701
   5.5 5.19661
   5.6 5.19616
   5.7 5.19567
   5.8 5.19514
   5.9 5.19458
   6.0 5.19400
   6.1 5.19341
   6.2 5.19281
   6.3 5.19221
   6.4 5.19162
   6.5 5.19104
   6.6 5.19047
   6.7 5.18993
   6.8 5.18940
   6.9 5.18890
   7.0 5.18843
   7.1 5.18798
   7.2 5.18756
   7.3 5.18716
   7.4 5.18680
   7.5 5.18646
   7.6 5.18615
   7.7 5.18585
   7.8 5.18559
   7.9 5.18534
   8.0 5.18511
   8.1 5.18490
   8.2 5.18470
   8.3 5.18453
   8.4 5.18437
   8.5 5.18423
   8.6 5.18411
   8.7 5.18402
   8.8 5.18396
   8.9 5.18392
   9.0 5.18392
   9.1 5.18395
   9.2 5.18401
   9.3 5.18410
   9.4 5.18421
   9.5 5.18434
   9.6 5.18447
   9.7 5.18460
   9.8 5.18474
   9.9 5.18486
  10.0 5.18497
  10.1 5.18507
  10.2 5.18514
  10.3 5.18519
  10.4 5.18521
  10.5 5.18521
  10.6 5.18519
  10.7 5.18516
  10.8 5.18512
  10.9 5.18508
  11.0 5.18504
  11.1 5.18502
  11.2 5.18501
  11.3 5.18503
  11.4 5.18507
  11.5 5.18514
  11.6 5.18525
  11.7 5.18539
  11.8 5.18556
  11.9 5.18576
  12.0 5.18598
  12.1 5.18623
  12.2 5.18651
  12.3 5.18680
  12.4 5.18710
  12.5 5.18742
  12.6 5.18776
  12.7 5.18810
  12.8 5.18845
  12.9 5.18882
  13.0 5.18920
  13.1 5.18960
  13.2 5.19001
  13.3 5.19043
  13.4 5.19087
  13.5 5.19133
  13.6 5.19181
  13.7 5.19232
  13.8 5.19284
  13.9 5.19339
  14.0 5.19397
  14.1 5.19457
  14.2 5.19520
  14.3 5.19585
  14.4 5.19653
  14.5 5.19723
  14.6 5.19796
  14.7 5.19871
  14.8 5.19947
  14.9 5.20025
  15.0 5.20105
  15.1 5.20185
  15.2 5.20267
  15.3 5.20350
  15.4 5.20433
  15.5 5.20517
  15.6 5.20601
  15.7 5.20685
  15.8 5.20767
  15.9 5.20849
  16.0 5.20930
  16.1 5.21009
  16.2 5.21086
  16.3 5.21160
  16.4 5.21232
  16.5 5.21300
  16.6 5.21365
  16.7 5.21426
  16.8 5.21484
  16.9 5.21537
  17.0 5.21585
  17.1 5.21630
  17.2 5.21672
  17.3 5.21709
  17.4 5.21744
  17.5 5.21776
  17.6 5.21805
  17.7 5.21831
  17.8 5.21856
  17.9 5.21879
  18.0 5.21900
  18.1 5.21921
  18.2 5.21940
  18.3 5.21960
  18.4 5.21979
  18.5 5.21998
  18.6 5.22017
  18.7 5.22037
  18.8 5.22057
  18.9 5.22077
  19.0 5.22098
  19.1 5.22119
  19.2 5.22140
  19.3 5.22162
  19.4 5.22184
  19.5 5.22207
  19.6 5.22230
  19.7 5.22253
  19.8 5.22278
  19.9 5.22303
  20.0 5.22329
  20.1 5.22356
  20.2 5.22385
  20.3 5.22415
  20.4 5.22446
  20.5 5.22479
  20.6 5.22514
  20.7 5.22551
  20.8 5.22589
  20.9 5.22628
  21.0 5.22669
  21.1 5.22711
  21.2 5.22754
  21.3 5.22797
  21.4 5.22839
  21.5 5.22880
  21.6 5.22921
  21.7 5.22960
  21.8 5.22997
  21.9 5.23033
  22.0 5.23067
  22.1 5.23101
  22.2 5.23133
  22.3 5.23166
  22.4 5.23197
  22.5 5.23229
  22.6 5.23261
  22.7 5.23294
  22.8 5.23326
  22.9 5.23359
  23.0 5.23392
  23.1 5.23424
  23.2 5.23455
  23.3 5.23485
  23.4 5.23514
  23.5 5.23542
  23.6 5.23567
  23.7 5.23591
  23.8 5.23612
  23.9 5.23632
  24.0 5.23651
  24.1 5.23667
  24.2 5.23682
  24.3 5.23696
  24.4 5.23707
  24.5 5.23717
  24.6 5.23726
  24.7 5.23733
  24.8 5.23739
  24.9 5.23744
  25.0 5.23747
  25.1 5.23749
  25.2 5.23750
  25.3 5.23749
  25.4 5.23747
  25.5 5.23744
  25.6 5.23738
  25.7 5.23731
  25.8 5.23723
  25.9 5.23713
  26.0 5.23702
  26.1 5.23689
  26.2 5.23676
  26.3 5.23661
  26.4 5.23645
  26.5 5.23629
  26.6 5.23612
  26.7 5.23596
  26.8 5.23579
  26.9 5.23563
  27.0 5.23547
  27.1 5.23531
  27.2 5.23516
  27.3 5.23502
  27.4 5.23489
  27.5 5.23476
  27.6 5.23463
  27.7 5.23450
  27.8 5.23437
  27.9 5.23424
  28.0 5.23410
  28.1 5.23395
  28.2 5.23379
  28.3 5.23361
  28.4 5.23342
  28.5 5.23321
  28.6 5.23299
  28.7 5.23276
  28.8 5.23252
  28.9 5.23227
  29.0 5.23200
  29.1 5.23174
  29.2 5.23147
  29.3 5.23120
  29.4 5.23093
  29.5 5.23066
  29.6 5.23039
  29.7 5.23013
  29.8 5.22988
  29.9 5.22962
  30.0 5.22937
  30.1 5.22911
  30.2 5.22884
  30.3 5.22857
  30.4 5.22829
  30.5 5.22801
  30.6 5.22772
  30.7 5.22742
  30.8 5.22713
  30.9 5.22682
  31.0 5.22652
  31.1 5.22621
  31.2 5.22589
  31.3 5.22556
  31.4 5.22522
  31.5 5.22487
  31.6 5.22451
  31.7 5.22414
  31.8 5.22377
  31.9 5.22340
  32.0 5.22303
  32.1 5.22266
  32.2 5.22230
  32.3 5.22196
  32.4 5.22163
  32.5 5.22132
  32.6 5.22103
  32.7 5.22076
  32.8 5.22053
  32.9 5.22032
  33.0 5.22015
  33.1 5.22001
  33.2 5.21992
  33.3 5.21987
  33.4 5.21986
  33.5 5.21991
  33.6 5.22000
  33.7 5.22015
  33.8 5.22034
  33.9 5.22059
  34.0 5.22088
  34.1 5.22123
  34.2 5.22162
  34.3 5.22206
  34.4 5.22253
  34.5 5.22305
  34.6 5.22360
  34.7 5.22418
  34.8 5.22479
  34.9 5.22542
  35.0 5.22607
  35.1 5.22673
  35.2 5.22741
  35.3 5.22809
  35.4 5.22877
  35.5 5.22945
  35.6 5.23011
  35.7 5.23076
  35.8 5.23139
  35.9 5.23200
  36.0 5.23259
  36.1 5.23317
  36.2 5.23371
  36.3 5.23424
  36.4 5.23475
  36.5 5.23523
  36.6 5.23570
  36.7 5.23614
  36.8 5.23656
  36.9 5.23697
  37.0 5.23736
  37.1 5.23774
  37.2 5.23812
  37.3 5.23849
  37.4 5.23886
  37.5 5.23923
  37.6 5.23961
  37.7 5.23998
  37.8 5.24036
  37.9 5.24075
  38.0 5.24114
  38.1 5.24153
  38.2 5.24192
  38.3 5.24232
  38.4 5.24271
  38.5 5.24310
  38.6 5.24349
  38.7 5.24387
  38.8 5.24424
  38.9 5.24460
  39.0 5.24495
  39.1 5.24530
  39.2 5.24564
  39.3 5.24597
  39.4 5.24630
  39.5 5.24662
  39.6 5.24695
  39.7 5.24727
  39.8 5.24759
  39.9 5.24791
  40.0 5.24823
  40.1 5.24856
  40.2 5.24889
  40.3 5.24922
  40.4 5.24956
  40.5 5.24992
  40.6 5.25028
  40.7 5.25065
  40.8 5.25104
  40.9 5.25144
  41.0 5.25185
  41.1 5.25227
  41.2 5.25269
  41.3 5.25311
  41.4 5.25354
  41.5 5.25398
  41.6 5.25442
  41.7 5.25486
  41.8 5.25531
  41.9 5.25576
  42.0 5.25621
  42.1 5.25666
  42.2 5.25710
  42.3 5.25755
  42.4 5.25799
  42.5 5.25842
  42.6 5.25885
  42.7 5.25926
  42.8 5.25967
  42.9 5.26006
  43.0 5.26044
  43.1 5.26082
  43.2 5.26119
  43.3 5.26155
  43.4 5.26192
  43.5 5.26228
  43.6 5.26265
  43.7 5.26302
  43.8 5.26339
  43.9 5.26377
  44.0 5.26415
  44.1 5.26453
  44.2 5.26492
  44.3 5.26530
  44.4 5.26568
  44.5 5.26606
  44.6 5.26644
  44.7 5.26681
  44.8 5.26719
  44.9 5.26757
  45.0 5.26795
  45.1 5.26834
  45.2 5.26873
  45.3 5.26913
  45.4 5.26953
  45.5 5.26994
  45.6 5.27036
  45.7 5.27078
  45.8 5.27120
  45.9 5.27162
  46.0 5.27203
  46.1 5.27244
  46.2 5.27284
  46.3 5.27323
  46.4 5.27360
  46.5 5.27395
  46.6 5.27427
  46.7 5.27457
  46.8 5.27484
  46.9 5.27508
  47.0 5.27530
  47.1 5.27549
  47.2 5.27566
  47.3 5.27581
  47.4 5.27593
  47.5 5.27604
  47.6 5.27613
  47.7 5.27620
  47.8 5.27626
  47.9 5.27631
  48.0 5.27635
  48.1 5.27638
  48.2 5.27641
  48.3 5.27643
  48.4 5.27645
  48.5 5.27647
  48.6 5.27648
  48.7 5.27650
  48.8 5.27652
  48.9 5.27654
  49.0 5.27656
  49.1 5.27659
  49.2 5.27663
  49.3 5.27667
  49.4 5.27671
  49.5 5.27675
  49.6 5.27680
  49.7 5.27685
  49.8 5.27691
  49.9 5.27697
  50.0 5.27703
  50.1 5.27711
  50.2 5.27720
  50.3 5.27729
  50.4 5.27741
  50.5 5.27753
  50.6 5.27766
  50.7 5.27781
  50.8 5.27797
  50.9 5.27814
  51.0 5.27832
  51.1 5.27851
  51.2 5.27872
  51.3 5.27893
  51.4 5.27914
  51.5 5.27936
  51.6 5.27958
  51.7 5.27979
  51.8 5.28001
  51.9 5.28021
  52.0 5.28042
  52.1 5.28061
  52.2 5.28081
  52.3 5.28100
  52.4 5.28119
  52.5 5.28138
  52.6 5.28156
  52.7 5.28175
  52.8 5.28194
  52.9 5.28213
  53.0 5.28233
  53.1 5.28253
  53.2 5.28275
  53.3 5.28298
  53.4 5.28322
  53.5 5.28348
  53.6 5.28376
  53.7 5.28404
  53.8 5.28435
  53.9 5.28466
  54.0 5.28498
  54.1 5.28532
  54.2 5.28566
  54.3 5.28602
  54.4 5.28639
  54.5 5.28677
  54.6 5.28717
  54.7 5.28757
  54.8 5.28798
  54.9 5.28840
  55.0 5.28882
  55.1 5.28925
  55.2 5.28968
  55.3 5.29010
  55.4 5.29053
  55.5 5.29095
  55.6 5.29137
  55.7 5.29178
  55.8 5.29218
  55.9 5.29257
  56.0 5.29295
  56.1 5.29331
  56.2 5.29366
  56.3 5.29400
  56.4 5.29432
  56.5 5.29464
  56.6 5.29494
  56.7 5.29523
  56.8 5.29551
  56.9 5.29578
  57.0 5.29604
  57.1 5.29629
  57.2 5.29654
  57.3 5.29677
  57.4 5.29699
  57.5 5.29720
  57.6 5.29739
  57.7 5.29756
  57.8 5.29772
  57.9 5.29785
  58.0 5.29797
