   0.0 0.56422
   0.1 0.56288
   0.2 0.56160
   0.3 0.56037
   0.4 0.55923
   0.5 0.55817
   0.6 0.55723
   0.7 0.55641
   0.8 0.55574
   0.9 0.55524
   1.0 0.55494
   1.1 0.55488
   1.2 0.55511
   1.3 0.55568
   1.4 0.55664
   1.5 0.55808
   1.6 0.56006
   1.7 0.56267
   1.8 0.56600
   1.9 0.57014
   2.0 0.57518
   2.1 0.58121
   2.2 0.58828
   2.3 0.59647
   2.4 0.60580
   2.5 0.61630
   2.6 0.62796
   2.7 0.64076
   2.8 0.65465
   2.9 0.66959
   3.0 0.68548
   3.1 0.70223
   3.2 0.71972
   3.3 0.73783
   3.4 0.75640
   3.5 0.77529
   3.6 0.79432
   3.7 0.81328
   3.8 0.83197
   3.9 0.85015
   4.0 0.86760
   4.1 0.88405
   4.2 0.89926
   4.3 0.91296
   4.4 0.92490
   4.5 0.93484
   4.6 0.94257
   4.7 0.94789
   4.8 0.95062
   4.9 0.95065
   5.0 0.94785
   5.1 0.94217
   5.2 0.93361
   5.3 0.92223
   5.4 0.90816
   5.5 0.89157
   5.6 0.87268
   5.7 0.85173
   5.8 0.82901
   5.9 0.80478
   6.0 0.77936
   6.1 0.75304
   6.2 0.72613
   6.3 0.69891
   6.4 0.67167
   6.5 0.64470
   6.6 0.61822
   6.7 0.59245
   6.8 0.56754
   6.9 0.54359
   7.0 0.52068
   7.1 0.49884
   7.2 0.47809
   7.3 0.45843
   7.4 0.43987
   7.5 0.42239
   7.6 0.40603
   7.7 0.39080
   7.8 0.37671
   7.9 0.36381
   8.0 0.35210
   8.1 0.34159
   8.2 0.33226
   8.3 0.32407
   8.4 0.31694
   8.5 0.31079
   8.6 0.30547
   8.7 0.30085
   8.8 0.29675
   8.9 0.29303
   9.0 0.28953
   9.1 0.28613
   9.2 0.28276
   9.3 0.27936
   9.4 0.27593
   9.5 0.27250
   9.6 0.26915
   9.7 0.26596
   9.8 0.26304
   9.9 0.26050
  10.0 0.25848
  10.1 0.25707
  10.2 0.25634
  10.3 0.25633
  10.4 0.25702
  10.5 0.25835
  10.6 0.26018
  10.7 0.26238
  10.8 0.26476
  10.9 0.26715
  11.0 0.26938
  11.1 0.27135
  11.2 0.27299
  11.3 0.27427
  11.4 0.27520
  11.5 0.27582
  11.6 0.27618
  11.7 0.27633
  11.8 0.27635
  11.9 0.27627
  12.0 0.27614
  12.1 0.27603
  12.2 0.27596
  12.3 0.27597
  12.4 0.27605
  12.5 0.27617
  12.6 0.27628
  12.7 0.27631
  12.8 0.27616
  12.9 0.27576
  13.0 0.27504
  13.1 0.27396
  13.2 0.27250
  13.3 0.27068
  13.4 0.26855
  13.5 0.26614
  13.6 0.26349
  13.7 0.26065
  13.8 0.25765
  13.9 0.25452
  14.0 0.25130
  14.1 0.24805
  14.2 0.24481
  14.3 0.24168
  14.4 0.23874
  14.5 0.23607
  14.6 0.23376
  14.7 0.23192
  14.8 0.23064
  14.9 0.22999
  15.0 0.23006
  15.1 0.23091
  15.2 0.23258
  15.3 0.23506
  15.4 0.23837
  15.5 0.24246
  15.6 0.24729
  15.7 0.25281
  15.8 0.25896
  15.9 0.26567
  16.0 0.27289
  16.1 0.28059
  16.2 0.28876
  16.3 0.29739
  16.4 0.30651
  16.5 0.31616
  16.6 0.32634
  16.7 0.33707
  16.8 0.34833
  16.9 0.36008
  17.0 0.37226
  17.1 0.38481
  17.2 0.39764
  17.3 0.41068
  17.4 0.42385
  17.5 0.43708
  17.6 0.45031
  17.7 0.46349
  17.8 0.47656
  17.9 0.48948
  18.0 0.50223
  18.1 0.51478
  18.2 0.52711
  18.3 0.53923
  18.4 0.55113
  18.5 0.56281
  18.6 0.57430
  18.7 0.58558
  18.8 0.59669
  18.9 0.60763
  19.0 0.61842
  19.1 0.62906
  19.2 0.63957
  19.3 0.64995
  19.4 0.66021
  19.5 0.67034
  19.6 0.68031
  19.7 0.69012
  19.8 0.69971
  19.9 0.70904
  20.0 0.71808
  20.1 0.72675
  20.2 0.73501
  20.3 0.74282
  20.4 0.75014
  20.5 0.75694
  20.6 0.76319
  20.7 0.76890
  20.8 0.77407
  20.9 0.77871
  21.0 0.78283
  21.1 0.78645
  21.2 0.78959
  21.3 0.79226
  21.4 0.79448
  21.5 0.79624
  21.6 0.79755
  21.7 0.79839
  21.8 0.79875
  21.9 0.79861
  22.0 0.79795
  22.1 0.79675
  22.2 0.79500
  22.3 0.79270
  22.4 0.78986
  22.5 0.78651
  22.6 0.78271
  22.7 0.77853
  22.8 0.77403
  22.9 0.76931
  23.0 0.76445
  23.1 0.75955
  23.2 0.75469
  23.3 0.74995
  23.4 0.74542
  23.5 0.74116
  23.6 0.73724
  23.7 0.73370
  23.8 0.73057
  23.9 0.72785
  24.0 0.72553
  24.1 0.72359
  24.2 0.72199
  24.3 0.72067
  24.4 0.71957
  24.5 0.71863
  24.6 0.71780
  24.7 0.71702
  24.8 0.71624
  24.9 0.71542
  25.0 0.71454
  25.1 0.71356
  25.2 0.71247
  25.3 0.71126
  25.4 0.70994
  25.5 0.70852
  25.6 0.70702
  25.7 0.70547
  25.8 0.70389
  25.9 0.70231
  26.0 0.70075
  26.1 0.69923
  26.2 0.69774
  26.3 0.69628
  26.4 0.69483
  26.5 0.69338
  26.6 0.69188
  26.7 0.69032
  26.8 0.68868
  26.9 0.68695
  27.0 0.68511
  27.1 0.68318
  27.2 0.68116
  27.3 0.67907
  27.4 0.67694
  27.5 0.67477
  27.6 0.67261
  27.7 0.67047
  27.8 0.66839
  27.9 0.66638
  28.0 0.66446
  28.1 0.66265
  28.2 0.66096
  28.3 0.65941
  28.4 0.65800
  28.5 0.65673
  28.6 0.65561
  28.7 0.65463
  28.8 0.65380
  28.9 0.65313
  29.0 0.65261
  29.1 0.65227
  29.2 0.65211
  29.3 0.65216
  29.4 0.65243
  29.5 0.65295
  29.6 0.65374
  29.7 0.65482
  29.8 0.65621
  29.9 0.65791
  30.0 0.65991
  30.1 0.66221
  30.2 0.66476
  30.3 0.66753
  30.4 0.67044
  30.5 0.67345
  30.6 0.67649
  30.7 0.67949
  30.8 0.68240
  30.9 0.68520
  31.0 0.68787
  31.1 0.69043
  31.2 0.69291
  31.3 0.69535
  31.4 0.69782
  31.5 0.70036
  31.6 0.70302
  31.7 0.70582
  31.8 0.70875
  31.9 0.71181
  32.0 0.71495
  32.1 0.71815
  32.2 0.72136
  32.3 0.72453
  32.4 0.72760
  32.5 0.73050
  32.6 0.73317
  32.7 0.73555
  32.8 0.73757
  32.9 0.73916
  33.0 0.74028
  33.1 0.74089
  33.2 0.74094
  33.3 0.74040
  33.4 0.73924
  33.5 0.73744
  33.6 0.73498
  33.7 0.73185
  33.8 0.72806
  33.9 0.72362
  34.0 0.71856
  34.1 0.71291
  34.2 0.70673
  34.3 0.70006
  34.4 0.69296
  34.5 0.68549
  34.6 0.67772
  34.7 0.66972
  34.8 0.66158
  34.9 0.65336
  35.0 0.64515
  35.1 0.63701
  35.2 0.62903
  35.3 0.62128
  35.4 0.61382
  35.5 0.60675
  35.6 0.60013
  35.7 0.59404
  35.8 0.58853
  35.9 0.58366
  36.0 0.57951
  36.1 0.57611
  36.2 0.57353
  36.3 0.57179
  36.4 0.57094
  36.5 0.57098
  36.6 0.57193
  36.7 0.57379
  36.8 0.57657
  36.9 0.58027
  37.0 0.58490
  37.1 0.59047
  37.2 0.59700
  37.3 0.60449
  37.4 0.61294
  37.5 0.62233
  37.6 0.63260
  37.7 0.64367
  37.8 0.65542
  37.9 0.66766
  38.0 0.68021
  38.1 0.69285
  38.2 0.70535
  38.3 0.71748
  38.4 0.72901
  38.5 0.73973
  38.6 0.74944
  38.7 0.75794
  38.8 0.76505
  38.9 0.77062
  39.0 0.77453
  39.1 0.77668
  39.2 0.77703
  39.3 0.77553
  39.4 0.77221
  39.5 0.76709
  39.6 0.76023
  39.7 0.75171
  39.8 0.74163
  39.9 0.73008
  40.0 0.71719
  40.1 0.70305
  40.2 0.68778
  40.3 0.67149
  40.4 0.65430
  40.5 0.63631
  40.6 0.61769
  40.7 0.59860
  40.8 0.57923
  40.9 0.55981
  41.0 0.54057
  41.1 0.52177
  41.2 0.50363
  41.3 0.48639
  41.4 0.47021
  41.5 0.45524
  41.6 0.44153
  41.7 0.42911
  41.8 0.41792
  41.9 0.40789
  42.0 0.39887
  42.1 0.39072
  42.2 0.38329
  42.3 0.37642
  42.4 0.36999
  42.5 0.36390
  42.6 0.35807
  42.7 0.35247
  42.8 0.34710
  42.9 0.34197
  43.0 0.33711
  43.1 0.33255
  43.2 0.32834
  43.3 0.32449
  43.4 0.32102
  43.5 0.31793
  43.6 0.31525
  43.7 0.31300
  43.8 0.31121
  43.9 0.30990
  44.0 0.30909
  44.1 0.30877
  44.2 0.30892
  44.3 0.30948
  44.4 0.31040
  44.5 0.31159
  44.6 0.31297
  44.7 0.31447
  44.8 0.31600
  44.9 0.31746
  45.0 0.31877
  45.1 0.31988
  45.2 0.32072
  45.3 0.32123
  45.4 0.32134
  45.5 0.32100
  45.6 0.32018
  45.7 0.31884
  45.8 0.31701
  45.9 0.31471
  46.0 0.31200
  46.1 0.30896
  46.2 0.30568
  46.3 0.30227
  46.4 0.29882
  46.5 0.29547
  46.6 0.29230
  46.7 0.28942
  46.8 0.28692
  46.9 0.28488
  47.0 0.28335
  47.1 0.28236
  47.2 0.28194
  47.3 0.28205
  47.4 0.28269
  47.5 0.28378
  47.6 0.28528
  47.7 0.28712
  47.8 0.28924
  47.9 0.29159
  48.0 0.29412
  48.1 0.29680
  48.2 0.29961
  48.3 0.30253
  48.4 0.30559
  48.5 0.30880
  48.6 0.31220
  48.7 0.31585
  48.8 0.31978
  48.9 0.32408
  49.0 0.32881
  49.1 0.33403
  49.2 0.33979
  49.3 0.34613
  49.4 0.35304
  49.5 0.36051
  49.6 0.36849
  49.7 0.37691
  49.8 0.38569
  49.9 0.39474
  50.0 0.40399
  50.1 0.41334
  50.2 0.42273
  50.3 0.43209
  50.4 0.44136
  50.5 0.45051
  50.6 0.45953
  50.7 0.46841
  50.8 0.47717
  50.9 0.48584
  51.0 0.49447
  51.1 0.50311
  51.2 0.51183
  51.3 0.52073
  51.4 0.52988
  51.5 0.53939
  51.6 0.54935
  51.7 0.55987
  51.8 0.57103
  51.9 0.58290
  52.0 0.59554
  52.1 0.60897
  52.2 0.62322
  52.3 0.63826
  52.4 0.65407
  52.5 0.67058
  52.6 0.68771
  52.7 0.70534
  52.8 0.72333
  52.9 0.74152
  53.0 0.75973
  53.1 0.77776
  53.2 0.79545
  53.3 0.81259
  53.4 0.82901
  53.5 0.84455
  53.6 0.85904
  53.7 0.87235
  53.8 0.88432
  53.9 0.89485
  54.0 0.90382
  54.1 0.91115
  54.2 0.91679
  54.3 0.92070
  54.4 0.92289
  54.5 0.92337
  54.6 0.92222
  54.7 0.91952
  54.8 0.91536
  54.9 0.90990
  55.0 0.90327
  55.1 0.89567
  55.2 0.88728
  55.3 0.87829
  55.4 0.86889
  55.5 0.85925
  55.6 0.84956
  55.7 0.83994
  55.8 0.83054
  55.9 0.82147
  56.0 0.81281
  56.1 0.80462
  56.2 0.79697
  56.3 0.78986
  56.4 0.78332
  56.5 0.77733
  56.6 0.77185
  56.7 0.76683
  56.8 0.76220
  56.9 0.75789
  57.0 0.75380
  57.1 0.74983
  57.2 0.74591
  57.3 0.74193
  57.4 0.73785
  57.5 0.73361
  57.6 0.72917
  57.7 0.72452
  57.8 0.71967
  57.9 0.71464
  58.0 0.70945
  58.1 0.70415
  58.2 0.69881
  58.3 0.69348
  58.4 0.68824
  58.5 0.68316
  58.6 0.67833
  58.7 0.67383
  58.8 0.66973
  58.9 0.66610
  59.0 0.66300
  59.1 0.66047
  59.2 0.65856
  59.3 0.65727
  59.4 0.65660
  59.5 0.65651
  59.6 0.65694
  59.7 0.65781
