   0.0 4.73644
   0.1 4.73723
   0.2 4.73809
   0.3 4.73907
   0.4 4.74024
   0.5 4.74167
   0.6 4.74341
   0.7 4.74553
   0.8 4.74807
   0.9 4.75107
   1.0 4.75452
   1.1 4.75841
   1.2 4.76271
   1.3 4.76733
   1.4 4.77220
   1.5 4.77719
   1.6 4.78218
   1.7 4.78706
   1.8 4.79169
   1.9 4.79597
   2.0 4.79979
   2.1 4.80306
   2.2 4.80573
   2.3 4.80775
   2.4 4.80908
   2.5 4.80971
   2.6 4.80966
   2.7 4.80896
   2.8 4.80768
   2.9 4.80587
   3.0 4.80365
   3.1 4.80110
   3.2 4.79835
   3.3 4.79548
   3.4 4.79259
   3.5 4.78973
   3.6 4.78695
   3.7 4.78424
   3.8 4.78159
   3.9 4.77897
   4.0 4.77635
   4.1 4.77371
   4.2 4.77103
   4.3 4.76830
   4.4 4.76552
   4.5 4.76267
   4.6 4.75977
   4.7 4.75684
   4.8 4.75391
   4.9 4.75103
   5.0 4.74824
   5.1 4.74561
   5.2 4.74321
   5.3 4.74111
   5.4 4.73938
   5.5 4.73813
   5.6 4.73742
   5.7 4.73734
   5.8 4.73797
   5.9 4.73938
   6.0 4.74160
   6.1 4.74466
   6.2 4.74853
   6.3 4.75318
   6.4 4.75851
   6.5 4.76440
   6.6 4.77071
   6.7 4.77724
   6.8 4.78379
   6.9 4.79018
   7.0 4.79622
   7.1 4.80175
   7.2 4.80663
   7.3 4.81077
   7.4 4.81411
   7.5 4.81660
   7.6 4.81823
   7.7 4.81901
   7.8 4.81897
   7.9 4.81817
   8.0 4.81666
   8.1 4.81455
   8.2 4.81192
   8.3 4.80889
   8.4 4.80558
   8.5 4.80209
   8.6 4.79852
   8.7 4.79494
   8.8 4.79139
   8.9 4.78790
   9.0 4.78447
   9.1 4.78109
   9.2 4.77776
   9.3 4.77446
   9.4 4.77121
   9.5 4.76802
   9.6 4.76490
   9.7 4.76190
   9.8 4.75904
   9.9 4.75635
  10.0 4.75388
  10.1 4.75168
  10.2 4.74978
  10.3 4.74823
  10.4 4.74706
  10.5 4.74633
  10.6 4.74606
  10.7 4.74630
  10.8 4.74711
  10.9 4.74853
  11.0 4.75062
  11.1 4.75340
  11.2 4.75691
  11.3 4.76115
  11.4 4.76612
  11.5 4.77180
  11.6 4.77815
  11.7 4.78512
  11.8 4.79260
  11.9 4.80050
  12.0 4.80867
  12.1 4.81695
  12.2 4.82518
  12.3 4.83318
  12.4 4.84078
  12.5 4.84778
  12.6 4.85402
