  0.00   1.07
  0.10   1.07
  0.20   1.07
  0.30   1.07
  0.40   1.07
  0.50   1.07
  0.60   1.07
  0.70   1.07
  0.80   1.07
  0.90   1.07
  1.00   1.07
  1.10   1.07
  1.20   1.07
  1.30   1.07
  1.40   1.07
  1.50   1.07
  1.60   1.07
  1.70   1.07
  1.80   1.07
  1.90   1.07
  2.00   1.07
  2.10   1.07
  2.20   1.07
  2.30   1.07
  2.40   1.07
  2.50   1.07
  2.60   1.07
  2.70   1.07
  2.80   1.07
  2.90   1.07
  3.00   1.07
  3.10   1.07
  3.20   1.07
  3.30   1.07
  3.40   1.07
  3.50   1.07
  3.60   1.07
  3.70   1.07
  3.80   1.07
  3.90   1.07
  4.00   1.07
  4.10   1.07
  4.20   1.07
  4.30   1.07
  4.40   1.07
  4.50   1.07
  4.60   1.07
  4.70   1.07
  4.80   1.07
  4.90   1.07
  5.00   1.07
  5.10   1.07
  5.20   1.07
  5.30   1.07
  5.40   1.07
  5.50   1.07
  5.60   1.07
  5.70   1.07
  5.80   1.07
  5.90   1.07
  6.00   1.07
  6.10   1.07
  6.20   1.07
  6.30   1.07
  6.40   1.07
  6.50   1.07
  6.60   1.07
  6.70   1.07
  6.80   1.07
  6.90   1.07
  7.00   1.07
  7.10   1.07
  7.20   1.07
  7.30   1.07
  7.40   1.07
  7.50   1.07
  7.60   1.07
  7.70   1.07
  7.80   1.07
  7.90   1.07
  8.00   1.07
  8.10   1.07
  8.20   1.07
  8.30   1.07
  8.40   1.07
  8.50   1.07
  8.60   1.07
  8.70   1.07
  8.80   1.07
  8.90   1.07
  9.00   1.07
  9.10   1.07
  9.20   1.07
  9.30   1.07
  9.40   1.07
  9.50   1.07
  9.60   1.07
  9.70   1.07
  9.80   1.07
  9.90   1.07
 10.00   1.07
 10.10   1.07
 10.20   1.07
 10.30   1.07
 10.40   1.07
 10.50   1.07
 10.60   1.07
 10.70   1.07
 10.80   1.07
 10.90   1.07
 11.00   1.07
 11.10   1.07
 11.20   1.07
 11.30   1.07
 11.40   1.07
 11.50   1.07
 11.60   1.07
 11.70   1.07
 11.80   1.07
 11.90   1.07
 12.00   1.07
 12.10   1.07
 12.20   1.07
 12.30   1.07
 12.40   1.07
 12.50   1.07
 12.60   1.07
 12.70   1.07
 12.80   1.07
 12.90   1.07
 13.00   1.07
 13.10   1.07
 13.20   1.07
 13.30   1.07
 13.40   1.07
 13.50   1.07
 13.60   1.07
 13.70   1.07
 13.80   1.07
 13.90   1.07
 14.00   1.07
 14.10   1.07
 14.20   1.07
 14.30   1.07
 14.40   1.07
 14.50   1.07
 14.60   1.07
 14.70   1.07
 14.80   1.07
 14.90   1.07
 15.00   1.07
 15.10   1.07
 15.20   1.07
 15.30   1.07
 15.40   1.07
 15.50   1.07
 15.60   1.07
 15.70   1.07
 15.80   1.07
 15.90   1.07
 16.00   1.07
 16.10   1.07
 16.20   1.07
 16.30   1.07
 16.40   1.07
 16.50   1.07
 16.60   1.07
 16.70   1.07
 16.80   1.07
 16.90   1.07
 17.00   1.07
 17.10   1.07
 17.20   1.07
 17.30   1.07
 17.40   1.07
 17.50   1.07
 17.60   1.07
 17.70   1.07
 17.80   1.07
 17.90   1.07
 18.00   1.07
 18.10   1.07
 18.20   1.07
 18.30   1.07
 18.40   1.07
 18.50   1.07
 18.60   1.07
 18.70   1.07
 18.80   1.07
 18.90   1.07
 19.00   1.07
 19.10   1.07
 19.20   1.07
 19.30   1.07
 19.40   1.07
 19.50   1.07
 19.60   1.07
 19.70   1.07
 19.80   1.07
 19.90   1.07
 20.00   1.07
 20.10   1.07
 20.20   1.07
 20.30   1.07
 20.40   1.07
 20.50   1.07
 20.60   1.07
 20.70   1.07
 20.80   1.07
 20.90   1.07
 21.00   1.07
 21.10   1.07
 21.20   1.07
 21.30   1.07
 21.40   1.07
 21.50   1.07
 21.60   1.07
 21.70   1.07
 21.80   1.07
 21.90   1.07
 22.00   1.07
 22.10   1.07
 22.20   1.07
 22.30   1.07
 22.40   1.07
 22.50   1.07
 22.60   1.07
 22.70   1.07
 22.80   1.07
 22.90   1.07
 23.00   1.07
 23.10   1.07
 23.20   1.07
 23.30   1.07
 23.40   1.07
 23.50   1.07
 23.60   1.07
 23.70   1.07
 23.80   1.07
 23.90   1.07
 24.00   1.07
 24.10   1.07
 24.20   1.07
 24.30   1.07
 24.40   1.07
 24.50   1.07
 24.60   1.07
 24.70   1.07
 24.80   1.07
 24.90   1.07
 25.00   1.07
 25.10   1.07
 25.20   1.07
 25.30   1.07
 25.40   1.07
 25.50   1.07
 25.60   1.07
 25.70   1.07
 25.80   1.07
 25.90   1.07
 26.00   1.07
 26.10   1.07
 26.20   1.07
 26.30   1.07
 26.40   1.07
 26.50   1.07
 26.60   1.07
 26.70   1.07
 26.80   1.07
 26.90   1.07
 27.00   1.07
 27.10   1.07
 27.20   1.07
 27.30   1.07
 27.40   1.07
 27.50   1.07
 27.60   1.07
 27.70   1.07
 27.80   1.07
 27.90   1.07
 28.00   1.07
 28.10   1.07
 28.20   1.07
 28.30   1.07
 28.40   1.07
 28.50   1.07
 28.60   1.07
 28.70   1.07
 28.80   1.07
 28.90   1.07
 29.00   1.07
 29.10   1.07
 29.20   1.07
 29.30   1.07
 29.40   1.07
 29.50   1.07
 29.60   1.07
 29.70   1.07
 29.80   1.07
 29.90   1.07
 30.00   1.07
 30.10   1.07
 30.20   1.07
 30.30   1.07
 30.40   1.07
 30.50   1.07
 30.60   1.07
 30.70   1.07
 30.80   1.07
 30.90   1.07
 31.00   1.07
 31.10   1.07
 31.20   1.07
 31.30   1.07
 31.40   1.07
 31.50   1.07
 31.60   1.07
 31.70   1.07
 31.80   1.07
 31.90   1.07
 32.00   1.07
 32.10   1.07
 32.20   1.07
 32.30   1.07
 32.40   1.07
 32.50   1.07
 32.60   1.07
 32.70   1.07
 32.80   1.07
 32.90   1.07
 33.00   1.07
 33.10   1.07
 33.20   1.07
 33.30   1.07
 33.40   1.07
 33.50   1.07
 33.60   1.07
 33.70   1.07
 33.80   1.07
 33.90   1.07
 34.00   1.07
 34.10   1.07
 34.20   1.07
 34.30   1.07
 34.40   1.07
 34.50   1.07
 34.60   1.07
 34.70   1.07
 34.80   1.07
 34.90   1.07
 35.00   1.07
 35.10   1.07
 35.20   1.07
 35.30   1.07
 35.40   1.07
 35.50   1.07
 35.60   1.07
 35.70   1.07
 35.80   1.07
 35.90   1.07
 36.00   1.07
 36.10   1.07
 36.20   1.07
 36.30   1.07
 36.40   1.07
 36.50   1.07
 36.60   1.07
 36.70   1.07
 36.80   1.07
 36.90   1.07
 37.00   1.07
 37.10   1.07
 37.20   1.07
 37.30   1.07
 37.40   1.07
 37.50   1.07
 37.60   1.07
 37.70   1.07
 37.80   1.07
 37.90   1.07
 38.00   1.07
 38.10   1.07
 38.20   1.07
 38.30   1.07
 38.40   1.07
 38.50   1.07
 38.60   1.07
 38.70   1.07
 38.80   1.07
 38.90   1.07
 39.00   1.07
 39.10   1.07
 39.20   1.07
 39.30   1.07
 39.40   1.07
 39.50   1.07
 39.60   1.07
 39.70   1.07
 39.80   1.07
 39.90   1.07
 40.00   1.07
 40.10   1.07
 40.20   1.07
 40.30   1.07
 40.40   1.07
 40.50   1.07
 40.60   1.07
 40.70   1.07
 40.80   1.07
 40.90   1.07
 41.00   1.07
 41.10   1.07
 41.20   1.07
 41.30   1.07
 41.40   1.07
 41.50   1.07
 41.60   1.07
 41.70   1.07
 41.80   1.07
 41.90   1.07
 42.00   1.07
 42.10   1.07
 42.20   1.07
 42.30   1.07
 42.40   1.07
 42.50   1.07
 42.60   1.07
 42.70   1.07
 42.80   1.07
 42.90   1.07
 43.00   1.07
 43.10   1.07
 43.20   1.07
 43.30   1.07
 43.40   1.07
 43.50   1.07
 43.60   1.07
 43.70   1.07
 43.80   1.07
 43.90   1.07
 44.00   1.07
 44.10   1.07
 44.20   1.07
 44.30   1.07
 44.40   1.07
 44.50   1.07
 44.60   1.07
 44.70   1.07
 44.80   1.07
 44.90   1.07
 45.00   1.07
 45.10   1.07
 45.20   1.07
 45.30   1.07
 45.40   1.07
 45.50   1.07
 45.60   1.07
 45.70   1.07
 45.80   1.07
 45.90   1.07
 46.00   1.07
 46.10   1.07
 46.20   1.07
 46.30   1.07
 46.40   1.07
 46.50   1.07
 46.60   1.07
 46.70   1.07
 46.80   1.07
 46.90   1.07
 47.00   1.07
 47.10   1.07
 47.20   1.07
 47.30   1.07
 47.40   1.07
 47.50   1.07
 47.60   1.07
 47.70   1.07
 47.80   1.07
 47.90   1.07
 48.00   1.07
 48.10   1.07
 48.20   1.07
 48.30   1.07
 48.40   1.07
 48.50   1.07
 48.60   1.07
 48.70   1.07
 48.80   1.07
 48.90   1.07
 49.00   1.07
 49.10   1.07
 49.20   1.07
 49.30   1.07
 49.40   1.07
 49.50   1.07
 49.60   1.07
 49.70   1.07
 49.80   1.07
 49.90   1.07
 50.00   1.07
 50.10   1.07
 50.20   1.07
 50.30   1.07
 50.40   1.07
 50.50   1.07
 50.60   1.07
 50.70   1.07
 50.80   1.07
 50.90   1.07
 51.00   1.07
 51.10   1.07
 51.20   1.07
 51.30   1.07
 51.40   1.07
 51.50   1.07
 51.60   1.07
 51.70   1.07
 51.80   1.07
 51.90   1.07
 52.00   1.07
 52.10   1.07
 52.20   1.07
 52.30   1.07
 52.40   1.07
 52.50   1.07
 52.60   1.07
 52.70   1.07
 52.80   1.07
 52.90   1.07
 53.00   1.07
 53.10   1.07
 53.20   1.07
 53.30   1.07
 53.40   1.07
 53.50   1.07
 53.60   1.07
 53.70   1.07
 53.80   1.07
 53.90   1.07
 54.00   1.07
 54.10   1.07
 54.20   1.07
 54.30   1.07
 54.40   1.07
 54.50   1.07
 54.60   1.07
 54.70   1.07
 54.80   1.07
 54.90   1.07
 55.00   1.07
 55.10   1.07
 55.20   1.07
 55.30   1.07
 55.40   1.07
 55.50   1.07
 55.60   1.07
 55.70   1.07
 55.80   1.07
 55.90   1.07
 56.00   1.07
 56.10   1.07
 56.20   1.07
 56.30   1.07
 56.40   1.07
 56.50   1.07
 56.60   1.07
 56.70   1.07
 56.80   1.07
 56.90   1.07
 57.00   1.07
 57.10   1.07
 57.20   1.07
 57.30   1.07
 57.40   1.07
 57.50   1.07
 57.60   1.07
 57.70   1.07
 57.80   1.07
 57.90   1.07
 58.00   1.07
