   0.0 0.40230
   0.1 0.40203
   0.2 0.40174
   0.3 0.40143
   0.4 0.40113
   0.5 0.40084
   0.6 0.40059
   0.7 0.40039
   0.8 0.40026
   0.9 0.40021
   1.0 0.40024
   1.1 0.40036
   1.2 0.40058
   1.3 0.40090
   1.4 0.40131
   1.5 0.40184
   1.6 0.40249
   1.7 0.40328
   1.8 0.40423
   1.9 0.40539
   2.0 0.40681
   2.1 0.40852
   2.2 0.41058
   2.3 0.41304
   2.4 0.41594
   2.5 0.41931
   2.6 0.42320
   2.7 0.42763
   2.8 0.43264
   2.9 0.43825
   3.0 0.44448
   3.1 0.45134
   3.2 0.45883
   3.3 0.46694
   3.4 0.47563
   3.5 0.48485
   3.6 0.49454
   3.7 0.50461
   3.8 0.51495
   3.9 0.52545
   4.0 0.53600
   4.1 0.54647
   4.2 0.55673
   4.3 0.56664
   4.4 0.57603
   4.5 0.58472
   4.6 0.59249
   4.7 0.59906
   4.8 0.60409
   4.9 0.60718
   5.0 0.60786
   5.1 0.60560
   5.2 0.59984
   5.3 0.59000
   5.4 0.57551
   5.5 0.55589
   5.6 0.53069
   5.7 0.49961
   5.8 0.46244
   5.9 0.41910
   6.0 0.36963
   6.1 0.31419
   6.2 0.25304
   6.3 0.18650
   6.4 0.11496
   6.5 0.03887
   6.6 -0.04130
   6.7 -0.12500
   6.8 -0.21165
   6.9 -0.30065
   7.0 -0.39136
   7.1 -0.48311
   7.2 -0.57528
   7.3 -0.66723
   7.4 -0.75839
   7.5 -0.84819
   7.6 -0.93610
   7.7 -1.02162
   7.8 -1.10428
   7.9 -1.18361
   8.0 -1.25915
   8.1 -1.33048
   8.2 -1.39719
   8.3 -1.45890
   8.4 -1.51528
   8.5 -1.56606
   8.6 -1.61099
   8.7 -1.64993
   8.8 -1.68281
   8.9 -1.70964
   9.0 -1.73051
   9.1 -1.74563
   9.2 -1.75531
   9.3 -1.76000
   9.4 -1.76028
   9.5 -1.75686
   9.6 -1.75055
   9.7 -1.74221
   9.8 -1.73268
   9.9 -1.72269
  10.0 -1.71279
  10.1 -1.70328
  10.2 -1.69424
  10.3 -1.68556
  10.4 -1.67701
  10.5 -1.66836
  10.6 -1.65936
  10.7 -1.64985
  10.8 -1.63975
  10.9 -1.62907
  11.0 -1.61788
  11.1 -1.60633
  11.2 -1.59459
  11.3 -1.58279
  11.4 -1.57107
  11.5 -1.55947
  11.6 -1.54800
  11.7 -1.53657
  11.8 -1.52507
  11.9 -1.51332
  12.0 -1.50110
  12.1 -1.48818
  12.2 -1.47431
  12.3 -1.45924
  12.4 -1.44273
  12.5 -1.42461
  12.6 -1.40471
  12.7 -1.38296
  12.8 -1.35931
  12.9 -1.33378
  13.0 -1.30642
  13.1 -1.27733
  13.2 -1.24661
  13.3 -1.21438
  13.4 -1.18075
  13.5 -1.14584
  13.6 -1.10973
  13.7 -1.07250
  13.8 -1.03423
  13.9 -0.99496
  14.0 -0.95477
  14.1 -0.91370
  14.2 -0.87180
  14.3 -0.82915
  14.4 -0.78579
  14.5 -0.74177
  14.6 -0.69714
  14.7 -0.65193
  14.8 -0.60617
  14.9 -0.55992
  15.0 -0.51323
  15.1 -0.46621
  15.2 -0.41896
  15.3 -0.37163
  15.4 -0.32438
  15.5 -0.27737
  15.6 -0.23075
  15.7 -0.18468
  15.8 -0.13929
  15.9 -0.09473
  16.0 -0.05110
  16.1 -0.00855
  16.2 0.03282
  16.3 0.07286
  16.4 0.11143
  16.5 0.14838
  16.6 0.18356
  16.7 0.21684
  16.8 0.24809
  16.9 0.27722
  17.0 0.30416
  17.1 0.32888
  17.2 0.35134
  17.3 0.37156
  17.4 0.38953
  17.5 0.40527
  17.6 0.41881
  17.7 0.43019
  17.8 0.43950
  17.9 0.44685
  18.0 0.45240
  18.1 0.45630
  18.2 0.45875
  18.3 0.45996
  18.4 0.46015
  18.5 0.45953
  18.6 0.45834
  18.7 0.45677
  18.8 0.45499
  18.9 0.45317
  19.0 0.45139
  19.1 0.44975
  19.2 0.44828
  19.3 0.44700
  19.4 0.44588
  19.5 0.44490
  19.6 0.44402
  19.7 0.44319
  19.8 0.44237
  19.9 0.44152
  20.0 0.44056
  20.1 0.43946
  20.2 0.43815
  20.3 0.43658
  20.4 0.43471
  20.5 0.43253
  20.6 0.43000
  20.7 0.42715
  20.8 0.42398
  20.9 0.42054
  21.0 0.41686
  21.1 0.41300
  21.2 0.40901
  21.3 0.40495
  21.4 0.40089
  21.5 0.39689
  21.6 0.39302
  21.7 0.38937
  21.8 0.38601
  21.9 0.38303
  22.0 0.38047
  22.1 0.37839
  22.2 0.37683
  22.3 0.37580
  22.4 0.37528
  22.5 0.37523
  22.6 0.37560
  22.7 0.37631
  22.8 0.37730
  22.9 0.37849
  23.0 0.37984
  23.1 0.38127
  23.2 0.38276
  23.3 0.38425
  23.4 0.38572
  23.5 0.38713
  23.6 0.38848
  23.7 0.38977
  23.8 0.39100
  23.9 0.39218
  24.0 0.39332
  24.1 0.39443
  24.2 0.39554
  24.3 0.39664
  24.4 0.39774
  24.5 0.39886
  24.6 0.39999
  24.7 0.40112
  24.8 0.40226
  24.9 0.40340
  25.0 0.40451
  25.1 0.40559
  25.2 0.40661
  25.3 0.40755
  25.4 0.40841
  25.5 0.40917
  25.6 0.40979
  25.7 0.41026
  25.8 0.41054
  25.9 0.41062
  26.0 0.41048
  26.1 0.41013
  26.2 0.40958
  26.3 0.40885
  26.4 0.40797
  26.5 0.40696
  26.6 0.40586
  26.7 0.40469
  26.8 0.40350
  26.9 0.40229
  27.0 0.40108
  27.1 0.39989
  27.2 0.39872
  27.3 0.39756
  27.4 0.39642
  27.5 0.39528
  27.6 0.39413
  27.7 0.39295
  27.8 0.39173
  27.9 0.39046
  28.0 0.38914
  28.1 0.38775
  28.2 0.38630
  28.3 0.38478
  28.4 0.38319
  28.5 0.38155
  28.6 0.37985
  28.7 0.37810
  28.8 0.37631
  28.9 0.37447
  29.0 0.37259
  29.1 0.37067
  29.2 0.36872
  29.3 0.36673
  29.4 0.36472
  29.5 0.36271
  29.6 0.36071
  29.7 0.35874
  29.8 0.35682
  29.9 0.35498
  30.0 0.35323
  30.1 0.35159
  30.2 0.35008
  30.3 0.34870
  30.4 0.34748
  30.5 0.34640
  30.6 0.34548
  30.7 0.34471
  30.8 0.34407
  30.9 0.34356
  31.0 0.34314
  31.1 0.34279
  31.2 0.34248
  31.3 0.34218
  31.4 0.34186
  31.5 0.34147
  31.6 0.34101
  31.7 0.34045
  31.8 0.33978
  31.9 0.33900
  32.0 0.33812
  32.1 0.33718
  32.2 0.33619
  32.3 0.33521
  32.4 0.33429
  32.5 0.33347
  32.6 0.33283
  32.7 0.33241
  32.8 0.33227
  32.9 0.33246
  33.0 0.33299
  33.1 0.33390
  33.2 0.33519
  33.3 0.33686
  33.4 0.33887
  33.5 0.34121
  33.6 0.34380
  33.7 0.34661
  33.8 0.34958
  33.9 0.35267
  34.0 0.35582
  34.1 0.35900
  34.2 0.36217
  34.3 0.36529
  34.4 0.36834
  34.5 0.37133
  34.6 0.37425
  34.7 0.37712
  34.8 0.37995
  34.9 0.38275
  35.0 0.38552
  35.1 0.38827
  35.2 0.39100
  35.3 0.39374
  35.4 0.39649
  35.5 0.39927
  35.6 0.40209
  35.7 0.40498
  35.8 0.40794
  35.9 0.41096
  36.0 0.41404
  36.1 0.41714
  36.2 0.42022
  36.3 0.42325
  36.4 0.42616
  36.5 0.42892
  36.6 0.43148
  36.7 0.43380
  36.8 0.43586
  36.9 0.43766
  37.0 0.43918
  37.1 0.44045
  37.2 0.44146
  37.3 0.44223
  37.4 0.44280
  37.5 0.44322
  37.6 0.44357
  37.7 0.44395
  37.8 0.44450
  37.9 0.44538
  38.0 0.44677
  38.1 0.44886
  38.2 0.45182
  38.3 0.45582
  38.4 0.46100
  38.5 0.46744
  38.6 0.47515
  38.7 0.48404
  38.8 0.49394
  38.9 0.50456
  39.0 0.51552
  39.1 0.52639
  39.2 0.53666
  39.3 0.54581
  39.4 0.55329
  39.5 0.55855
  39.6 0.56104
  39.7 0.56024
  39.8 0.55563
  39.9 0.54677
  40.0 0.53324
  40.1 0.51473
  40.2 0.49100
  40.3 0.46188
  40.4 0.42729
  40.5 0.38718
  40.6 0.34156
  40.7 0.29042
  40.8 0.23381
  40.9 0.17177
  41.0 0.10439
  41.1 0.03180
  41.2 -0.04580
  41.3 -0.12815
  41.4 -0.21484
  41.5 -0.30537
  41.6 -0.39910
  41.7 -0.49526
  41.8 -0.59301
  41.9 -0.69145
  42.0 -0.78970
  42.1 -0.88692
  42.2 -0.98236
  42.3 -1.07536
  42.4 -1.16534
  42.5 -1.25182
  42.6 -1.33437
  42.7 -1.41260
  42.8 -1.48612
  42.9 -1.55458
  43.0 -1.61760
  43.1 -1.67484
  43.2 -1.72598
  43.3 -1.77076
  43.4 -1.80899
  43.5 -1.84057
  43.6 -1.86555
  43.7 -1.88410
  43.8 -1.89657
  43.9 -1.90350
  44.0 -1.90559
  44.1 -1.90370
  44.2 -1.89883
  44.3 -1.89199
  44.4 -1.88410
  44.5 -1.87595
  44.6 -1.86808
  44.7 -1.86075
  44.8 -1.85396
  44.9 -1.84755
  45.0 -1.84120
  45.1 -1.83454
  45.2 -1.82722
  45.3 -1.81893
  45.4 -1.80943
  45.5 -1.79860
  45.6 -1.78639
  45.7 -1.77288
  45.8 -1.75817
  45.9 -1.74242
  46.0 -1.72578
  46.1 -1.70838
  46.2 -1.69033
  46.3 -1.67170
  46.4 -1.65250
  46.5 -1.63268
  46.6 -1.61211
  46.7 -1.59060
  46.8 -1.56795
  46.9 -1.54390
  47.0 -1.51819
  47.1 -1.49056
  47.2 -1.46076
  47.3 -1.42857
  47.4 -1.39380
  47.5 -1.35630
  47.6 -1.31599
  47.7 -1.27281
  47.8 -1.22676
  47.9 -1.17791
  48.0 -1.12632
  48.1 -1.07214
  48.2 -1.01552
  48.3 -0.95666
  48.4 -0.89579
  48.5 -0.83315
  48.6 -0.76899
  48.7 -0.70359
  48.8 -0.63720
  48.9 -0.57010
  49.0 -0.50258
  49.1 -0.43493
  49.2 -0.36745
  49.3 -0.30044
  49.4 -0.23422
  49.5 -0.16908
  49.6 -0.10533
  49.7 -0.04325
  49.8 0.01686
  49.9 0.07475
  50.0 0.13018
  50.1 0.18295
  50.2 0.23287
  50.3 0.27978
  50.4 0.32355
  50.5 0.36405
  50.6 0.40117
  50.7 0.43485
  50.8 0.46502
  50.9 0.49163
  51.0 0.51467
  51.1 0.53416
  51.2 0.55016
  51.3 0.56277
  51.4 0.57212
  51.5 0.57840
  51.6 0.58182
  51.7 0.58263
  51.8 0.58111
  51.9 0.57757
  52.0 0.57231
  52.1 0.56567
  52.2 0.55797
  52.3 0.54953
  52.4 0.54064
  52.5 0.53158
  52.6 0.52257
  52.7 0.51383
  52.8 0.50550
  52.9 0.49771
  53.0 0.49051
  53.1 0.48392
  53.2 0.47794
  53.3 0.47250
  53.4 0.46755
  53.5 0.46298
  53.6 0.45867
  53.7 0.45452
  53.8 0.45039
  53.9 0.44621
  54.0 0.44191
  54.1 0.43745
  54.2 0.43283
  54.3 0.42808
  54.4 0.42322
  54.5 0.41831
  54.6 0.41343
  54.7 0.40861
  54.8 0.40392
  54.9 0.39939
  55.0 0.39501
  55.1 0.39079
  55.2 0.38671
  55.3 0.38277
  55.4 0.37899
  55.5 0.37540
  55.6 0.37205
  55.7 0.36898
  55.8 0.36624
  55.9 0.36388
  56.0 0.36193
  56.1 0.36041
  56.2 0.35933
  56.3 0.35868
  56.4 0.35840
  56.5 0.35847
  56.6 0.35883
  56.7 0.35942
  56.8 0.36020
  56.9 0.36112
  57.0 0.36212
  57.1 0.36318
  57.2 0.36425
  57.3 0.36530
  57.4 0.36629
  57.5 0.36720
  57.6 0.36802
  57.7 0.36873
  57.8 0.36933
  57.9 0.36983
  58.0 0.37023
  58.1 0.37054
  58.2 0.37076
  58.3 0.37091
  58.4 0.37099
  58.5 0.37100
  58.6 0.37094
  58.7 0.37080
  58.8 0.37060
  58.9 0.37035
  59.0 0.37003
  59.1 0.36965
  59.2 0.36921
  59.3 0.36871
  59.4 0.36817
  59.5 0.36757
  59.6 0.36694
  59.7 0.36627
