 14.00  13.00   0.00
  0.00   0.00   0.00
  0.00   0.00  14.00
  1.00 255.66 1347.30   3.32
261.60 936.35   2.12
243.54 1203.06   2.90
298.64 954.79   2.84
260.38 1212.81   0.18
240.50 1091.87   3.12
271.88 660.75   0.19
261.47 223.32   0.32
253.80  41.90   1.92
343.26  27.76   4.70
270.45 615.32   2.65
239.71 274.92   3.05
263.07  41.49   1.65
355.35  26.25   4.26
  1.00   6.00   0.00   0.00 -255.89
  0.00   1.00   2.00   0.00   0.00 -411.00
  0.00   2.00   3.00  89.88   0.00 -181.32
  0.00   1.00   4.00   0.00   0.00 -394.86
  0.00   4.00   5.00  87.43   0.00 -179.49
  0.00   6.00   7.00 258.57   0.00 -177.14
  0.00   7.00   8.00 218.94   0.00 -220.85
  0.00   8.00   9.00 177.17   0.00 -49.90
  0.00   9.00  10.00  49.90   0.00 -41.37
  0.00   6.00  11.00 258.57   0.00 -222.55
  0.00  11.00  12.00 178.07   0.00 -163.83
  0.00  12.00  13.00 222.20   0.00 -50.11
  0.00  13.00  14.00  50.11   0.00 -43.86
  0.00   0.00
  4.00   1.00   0.00   6.00   0.00
  0.00   0.00   0.00   4.00   1.00
  4.00   2.00   0.00   6.00   0.00
  0.00   0.00   0.00   4.00   2.00
  4.00   3.00   0.00   2.00   0.00
  0.00   0.00   0.00   4.00   3.00
  4.00   4.00   0.00   6.00   0.00
  0.00   0.00   0.00   4.00   4.00
  4.00   5.00   0.00   4.00   0.00
  0.00   0.00   0.00   4.00   5.00
  3.00   6.00   1.00   0.00   0.00
  0.00   0.00   0.00   4.00   6.00
  3.00   6.00   2.00   0.00   0.00
  0.00   0.00   0.00   4.00   7.00
  3.00   6.00   3.00   0.00   0.00
  0.00   0.00   0.00   4.00   8.00
  4.00   7.00   0.00   6.00   0.00
  0.00   0.00   0.00   4.00   9.00
  4.00   8.00   0.00   7.00   0.00
  0.00   0.00   0.00   4.00  10.00
  4.00   9.00   0.00   8.00   0.00
  0.00   0.00   0.00   4.00  11.00
  4.00  10.00   0.00   9.00   0.00
  0.00   0.00   0.00   4.00  12.00
  4.00  11.00   0.00   6.00   0.00
  0.00   0.00   0.00   4.00  13.00
  4.00  12.00   0.00  11.00   0.00
  0.00   0.00   0.00   4.00  14.00
  4.00  13.00   0.00  12.00   0.00
  0.00   0.00   0.00   4.00  15.00
  4.00  14.00   0.00  13.00   0.00
  0.00   0.00   0.00   4.00  16.00
  1.00   0.00   0.00
 12.00   0.00
  0.00   0.01   5.00
