 14.00  13.00   0.00   0.00   0.00   0.00   0.00   0.00  16.00   0.00
  0.26   1.52   4.43
 -0.16   1.35   5.07
 -0.08   1.28   1.09
 -0.36   1.18   4.15
 -0.33   1.26   0.73
  0.27   1.26   4.70
 -0.06   0.80   5.34
  0.03   0.37   4.76
  0.09   0.19   6.03
  0.18   0.18   0.00
 -0.39   0.75   4.29
 -0.47   0.42   4.38
 -0.53   0.19   5.35
 -0.49   0.18   6.17
  1.00   6.00   0.47   0.00  -0.64   0.00
  1.00   2.00   0.47   0.00  -0.39   0.00
  2.00   3.00   0.17   0.00  -0.11   0.00
  1.00   4.00   0.47   0.00  -0.59   0.00
  4.00   5.00   0.05   0.00  -0.12   0.00
  6.00   7.00   0.60   0.00  -0.25   0.00
  7.00   8.00   0.21   0.00  -0.23   0.00
  8.00   9.00   0.17   0.00  -0.05   0.00
  9.00  10.00   0.05   0.00  -0.04   0.00
  6.00  11.00   0.60   0.00  -0.26   0.00
 11.00  12.00   0.18   0.00  -0.17   0.00
 12.00  13.00   0.22   0.00  -0.02   0.00
 13.00  14.00   0.02   0.00  -0.03   0.00
  4.00   1.00   0.00   6.00   0.00   0.00   0.00   0.00   4.00   1.00
  4.00   2.00   0.00   6.00   0.00   0.00   0.00   0.00   4.00   2.00
  4.00   3.00   0.00   2.00   0.00   0.00   0.00   0.00   4.00   3.00
  4.00   4.00   0.00   6.00   0.00   0.00   0.00   0.00   4.00   4.00
  4.00   5.00   0.00   4.00   0.00   0.00   0.00   0.00   4.00   5.00
  3.00   6.00   1.00   0.00   0.00   0.00   0.00   0.00   4.00   6.00
  3.00   6.00   2.00   0.00   0.00   0.00   0.00   0.00   4.00   7.00
  3.00   6.00   3.00   0.00   0.00   0.00   0.00   0.00   4.00   8.00
  4.00   7.00   0.00   6.00   0.00   0.00   0.00   0.00   4.00   9.00
  4.00   8.00   0.00   7.00   0.00   0.00   0.00   0.00   4.00  10.00
  4.00   9.00   0.00   8.00   0.00   0.00   0.00   0.00   4.00  11.00
  4.00  10.00   0.00   9.00   0.00   0.00   0.00   0.00   4.00  12.00
  4.00  11.00   0.00   6.00   0.00   0.00   0.00   0.00   4.00  13.00
  4.00  12.00   0.00  11.00   0.00   0.00   0.00   0.00   4.00  14.00
  4.00  13.00   0.00  12.00   0.00   0.00   0.00   0.00   4.00  15.00
  4.00  14.00   0.00  13.00   0.00   0.00   0.00   0.00   4.00  16.00
 12.00 0.0000001000
  0.00   0.01   5.86
