 14.00  13.00   0.00   0.00   0.00   0.00   0.00   0.00  16.00   0.00
  0.26   1.52   4.53
  0.40   1.34   5.12
  0.69   1.16   6.16
  0.38   1.15   4.41
  0.35   1.05   4.83
  0.27   1.26   4.79
  0.41   0.78   4.43
  0.21   0.39   4.00
  0.13   0.21   5.28
  0.19   0.16   6.21
  0.56   0.75   5.09
  0.64   0.41   4.75
  0.69   0.18   6.08
  0.78   0.18   0.30
  1.00   6.00   0.31   0.00  -0.51   0.00
  1.00   2.00   0.31   0.00  -0.40   0.00
  2.00   3.00   0.23   0.00  -0.13   0.00
  1.00   4.00   0.31   0.00  -0.59   0.00
  4.00   5.00   0.04   0.00  -0.10   0.00
  6.00   7.00   0.37   0.00  -0.19   0.00
  7.00   8.00   0.22   0.00  -0.23   0.00
  8.00   9.00   0.18   0.00  -0.06   0.00
  9.00  10.00   0.06   0.00  -0.03   0.00
  6.00  11.00   0.37   0.00  -0.22   0.00
 11.00  12.00   0.18   0.00  -0.17   0.00
 12.00  13.00   0.22   0.00  -0.05   0.00
 13.00  14.00   0.05   0.00  -0.04   0.00
  4.00   1.00   0.00   6.00   0.00   0.00   0.00   0.00   4.00   1.00
  4.00   2.00   0.00   6.00   0.00   0.00   0.00   0.00   4.00   2.00
  4.00   3.00   0.00   2.00   0.00   0.00   0.00   0.00   4.00   3.00
  4.00   4.00   0.00   6.00   0.00   0.00   0.00   0.00   4.00   4.00
  4.00   5.00   0.00   4.00   0.00   0.00   0.00   0.00   4.00   5.00
  3.00   6.00   1.00   0.00   0.00   0.00   0.00   0.00   4.00   6.00
  3.00   6.00   2.00   0.00   0.00   0.00   0.00   0.00   4.00   7.00
  3.00   6.00   3.00   0.00   0.00   0.00   0.00   0.00   4.00   8.00
  4.00   7.00   0.00   6.00   0.00   0.00   0.00   0.00   4.00   9.00
  4.00   8.00   0.00   7.00   0.00   0.00   0.00   0.00   4.00  10.00
  4.00   9.00   0.00   8.00   0.00   0.00   0.00   0.00   4.00  11.00
  4.00  10.00   0.00   9.00   0.00   0.00   0.00   0.00   4.00  12.00
  4.00  11.00   0.00   6.00   0.00   0.00   0.00   0.00   4.00  13.00
  4.00  12.00   0.00  11.00   0.00   0.00   0.00   0.00   4.00  14.00
  4.00  13.00   0.00  12.00   0.00   0.00   0.00   0.00   4.00  15.00
  4.00  14.00   0.00  13.00   0.00   0.00   0.00   0.00   4.00  16.00
 12.00 0.0000001000
  0.00   0.10   5.00
