 0.000 3.40909
 0.010 3.40999
 0.020 3.41086
 0.030 3.41171
 0.040 3.41253
 0.050 3.41331
 0.060 3.41406
 0.070 3.41476
 0.080 3.41543
 0.090 3.41605
 0.100 3.41663
 0.110 3.41719
 0.120 3.41774
 0.130 3.41827
 0.140 3.41881
 0.150 3.41934
 0.160 3.41987
 0.170 3.42040
 0.180 3.42092
 0.190 3.42141
 0.200 3.42186
 0.210 3.42224
 0.220 3.42254
 0.230 3.42272
 0.240 3.42274
 0.250 3.42258
 0.260 3.42220
 0.270 3.42157
 0.280 3.42067
 0.290 3.41948
 0.300 3.41802
 0.310 3.41626
 0.320 3.41422
 0.330 3.41194
 0.340 3.40944
 0.350 3.40677
 0.360 3.40398
 0.370 3.40111
 0.380 3.39823
 0.390 3.39541
 0.400 3.39276
 0.410 3.39037
 0.420 3.38838
 0.430 3.38687
 0.440 3.38593
 0.450 3.38561
 0.460 3.38595
 0.470 3.38699
 0.480 3.38879
 0.490 3.39138
 0.500 3.39480
 0.510 3.39909
 0.520 3.40426
 0.530 3.41030
 0.540 3.41720
 0.550 3.42496
 0.560 3.43354
 0.570 3.44292
 0.580 3.45305
 0.590 3.46385
 0.600 3.47523
 0.610 3.48707
 0.620 3.49921
 0.630 3.51152
 0.640 3.52383
 0.650 3.53597
 0.660 3.54777
 0.670 3.55907
 0.680 3.56972
 0.690 3.57958
 0.700 3.58858
 0.710 3.59667
 0.720 3.60386
 0.730 3.61018
 0.740 3.61574
 0.750 3.62065
 0.760 3.62508
 0.770 3.62918
 0.780 3.63313
 0.790 3.63705
 0.800 3.64104
 0.810 3.64515
 0.820 3.64939
 0.830 3.65379
 0.840 3.65835
 0.850 3.66309
 0.860 3.66804
 0.870 3.67324
 0.880 3.67873
 0.890 3.68457
 0.900 3.69080
 0.910 3.69747
 0.920 3.70459
 0.930 3.71215
 0.940 3.72010
 0.950 3.72838
 0.960 3.73691
 0.970 3.74557
 0.980 3.75427
 0.990 3.76289
 1.000 3.77134
 1.010 3.77952
 1.020 3.78736
 1.030 3.79478
 1.040 3.80176
 1.050 3.80825
 1.060 3.81428
 1.070 3.81988
 1.080 3.82512
 1.090 3.83009
 1.100 3.83488
 1.110 3.83955
 1.120 3.84415
 1.130 3.84866
 1.140 3.85302
 1.150 3.85710
 1.160 3.86076
 1.170 3.86384
 1.180 3.86623
 1.190 3.86784
 1.200 3.86863
 1.210 3.86862
 1.220 3.86787
 1.230 3.86651
 1.240 3.86471
 1.250 3.86263
 1.260 3.86042
 1.270 3.85823
 1.280 3.85619
 1.290 3.85439
 1.300 3.85288
 1.310 3.85169
 1.320 3.85082
 1.330 3.85024
 1.340 3.84988
 1.350 3.84969
 1.360 3.84961
 1.370 3.84957
 1.380 3.84949
 1.390 3.84933
 1.400 3.84902
 1.410 3.84853
 1.420 3.84783
 1.430 3.84690
 1.440 3.84574
 1.450 3.84435
 1.460 3.84275
 1.470 3.84094
 1.480 3.83894
 1.490 3.83677
 1.500 3.83443
 1.510 3.83195
 1.520 3.82935
 1.530 3.82664
 1.540 3.82386
 1.550 3.82105
 1.560 3.81821
 1.570 3.81536
 1.580 3.81249
 1.590 3.80956
 1.600 3.80655
 1.610 3.80341
 1.620 3.80012
 1.630 3.79663
 1.640 3.79295
 1.650 3.78909
 1.660 3.78505
 1.670 3.78088
 1.680 3.77660
 1.690 3.77225
 1.700 3.76784
 1.710 3.76343
 1.720 3.75903
 1.730 3.75468
 1.740 3.75038
 1.750 3.74614
 1.760 3.74193
 1.770 3.73770
 1.780 3.73342
 1.790 3.72904
 1.800 3.72449
 1.810 3.71974
 1.820 3.71475
 1.830 3.70949
 1.840 3.70392
 1.850 3.69804
 1.860 3.69185
 1.870 3.68537
 1.880 3.67864
 1.890 3.67172
 1.900 3.66465
 1.910 3.65750
 1.920 3.65031
 1.930 3.64313
 1.940 3.63601
 1.950 3.62902
 1.960 3.62219
 1.970 3.61556
 1.980 3.60916
 1.990 3.60302
 2.000 3.59717
 2.010 3.59164
 2.020 3.58642
 2.030 3.58152
 2.040 3.57694
 2.050 3.57268
 2.060 3.56874
 2.070 3.56512
 2.080 3.56182
 2.090 3.55884
 2.100 3.55617
 2.110 3.55380
 2.120 3.55172
 2.130 3.54993
 2.140 3.54840
 2.150 3.54712
 2.160 3.54606
 2.170 3.54516
 2.180 3.54438
 2.190 3.54364
 2.200 3.54292
 2.210 3.54216
 2.220 3.54135
 2.230 3.54047
 2.240 3.53952
 2.250 3.53851
 2.260 3.53746
 2.270 3.53637
 2.280 3.53528
 2.290 3.53420
 2.300 3.53316
 2.310 3.53217
 2.320 3.53124
 2.330 3.53037
 2.340 3.52953
 2.350 3.52869
 2.360 3.52784
 2.370 3.52694
 2.380 3.52599
 2.390 3.52498
 2.400 3.52392
 2.410 3.52280
 2.420 3.52165
 2.430 3.52050
 2.440 3.51937
 2.450 3.51832
 2.460 3.51738
 2.470 3.51659
 2.480 3.51597
 2.490 3.51554
 2.500 3.51529
 2.510 3.51518
 2.520 3.51516
 2.530 3.51518
 2.540 3.51518
 2.550 3.51511
 2.560 3.51493
 2.570 3.51462
 2.580 3.51417
 2.590 3.51356
 2.600 3.51279
 2.610 3.51190
 2.620 3.51092
 2.630 3.50990
 2.640 3.50890
 2.650 3.50799
 2.660 3.50722
 2.670 3.50667
 2.680 3.50640
 2.690 3.50643
 2.700 3.50680
 2.710 3.50750
 2.720 3.50852
 2.730 3.50983
 2.740 3.51142
 2.750 3.51324
 2.760 3.51524
 2.770 3.51736
 2.780 3.51955
 2.790 3.52177
 2.800 3.52397
 2.810 3.52612
 2.820 3.52820
 2.830 3.53018
 2.840 3.53204
 2.850 3.53378
 2.860 3.53540
 2.870 3.53690
 2.880 3.53830
 2.890 3.53965
 2.900 3.54101
 2.910 3.54244
 2.920 3.54401
 2.930 3.54579
 2.940 3.54783
 2.950 3.55017
 2.960 3.55284
 2.970 3.55583
 2.980 3.55912
 2.990 3.56269
 3.000 3.56649
 3.010 3.57048
 3.020 3.57459
 3.030 3.57879
 3.040 3.58306
 3.050 3.58734
 3.060 3.59161
 3.070 3.59585
 3.080 3.60003
 3.090 3.60417
 3.100 3.60829
 3.110 3.61246
 3.120 3.61676
 3.130 3.62127
 3.140 3.62606
 3.150 3.63121
 3.160 3.63678
 3.170 3.64281
 3.180 3.64935
 3.190 3.65641
 3.200 3.66401
 3.210 3.67213
 3.220 3.68076
 3.230 3.68987
 3.240 3.69944
 3.250 3.70944
 3.260 3.71987
 3.270 3.73071
 3.280 3.74195
 3.290 3.75357
 3.300 3.76558
 3.310 3.77794
 3.320 3.79066
 3.330 3.80370
 3.340 3.81707
 3.350 3.83075
 3.360 3.84474
 3.370 3.85905
 3.380 3.87371
 3.390 3.88874
 3.400 3.90419
 3.410 3.92010
 3.420 3.93654
 3.430 3.95354
 3.440 3.97112
 3.450 3.98931
 3.460 4.00811
 3.470 4.02754
 3.480 4.04763
 3.490 4.06840
 3.500 4.08987
 3.510 4.11209
 3.520 4.13506
 3.530 4.15875
 3.540 4.18308
 3.550 4.20792
 3.560 4.23306
 3.570 4.25823
 3.580 4.28317
 3.590 4.30756
 3.600 4.33108
 3.610 4.35344
 3.620 4.37434
 3.630 4.39355
 3.640 4.41083
 3.650 4.42600
 3.660 4.43892
 3.670 4.44950
 3.680 4.45770
 3.690 4.46354
 3.700 4.46712
 3.710 4.46858
 3.720 4.46811
 3.730 4.46594
 3.740 4.46232
 3.750 4.45752
 3.760 4.45180
 3.770 4.44543
 3.780 4.43864
 3.790 4.43164
 3.800 4.42463
 3.810 4.41777
 3.820 4.41121
 3.830 4.40503
 3.840 4.39931
 3.850 4.39411
 3.860 4.38946
 3.870 4.38541
 3.880 4.38201
 3.890 4.37934
 3.900 4.37752
 3.910 4.37667
 3.920 4.37694
 3.930 4.37851
 3.940 4.38154
 3.950 4.38621
 3.960 4.39266
 3.970 4.40104
 3.980 4.41143
 3.990 4.42384
 4.000 4.43822
 4.010 4.45451
 4.020 4.47258
 4.030 4.49238
 4.040 4.51388
 4.050 4.53713
 4.060 4.56221
 4.070 4.58927
 4.080 4.61842
 4.090 4.64978
 4.100 4.68342
 4.110 4.71933
 4.120 4.75741
 4.130 4.79749
 4.140 4.83927
 4.150 4.88239
 4.160 4.92637
 4.170 4.97072
 4.180 5.01487
 4.190 5.05824
 4.200 5.10024
 4.210 5.14033
 4.220 5.17801
 4.230 5.21285
 4.240 5.24452
 4.250 5.27279
 4.260 5.29756
 4.270 5.31888
 4.280 5.33688
 4.290 5.35184
 4.300 5.36408
 4.310 5.37401
 4.320 5.38208
 4.330 5.38873
 4.340 5.39445
 4.350 5.39969
 4.360 5.40489
 4.370 5.41045
 4.380 5.41671
 4.390 5.42394
 4.400 5.43232
 4.410 5.44193
 4.420 5.45276
 4.430 5.46468
 4.440 5.47750
 4.450 5.49092
 4.460 5.50459
 4.470 5.51808
 4.480 5.53098
 4.490 5.54287
 4.500 5.55339
 4.510 5.56228
 4.520 5.56938
 4.530 5.57466
 4.540 5.57821
 4.550 5.58020
 4.560 5.58087
 4.570 5.58048
 4.580 5.57924
 4.590 5.57730
 4.600 5.57476
 4.610 5.57159
 4.620 5.56773
 4.630 5.56303
 4.640 5.55735
 4.650 5.55055
 4.660 5.54257
 4.670 5.53340
 4.680 5.52310
 4.690 5.51177
 4.700 5.49953
 4.710 5.48654
 4.720 5.47293
 4.730 5.45883
 4.740 5.44438
 4.750 5.42969
 4.760 5.41485
 4.770 5.39999
 4.780 5.38523
 4.790 5.37069
 4.800 5.35650
 4.810 5.34281
 4.820 5.32972
 4.830 5.31732
 4.840 5.30564
 4.850 5.29467
 4.860 5.28439
 4.870 5.27471
 4.880 5.26553
 4.890 5.25673
 4.900 5.24821
 4.910 5.23987
 4.920 5.23165
 4.930 5.22350
 4.940 5.21542
 4.950 5.20741
 4.960 5.19951
 4.970 5.19173
 4.980 5.18412
 4.990 5.17670
 5.000 5.16947
 5.010 5.16246
 5.020 5.15565
 5.030 5.14903
 5.040 5.14261
 5.050 5.13635
 5.060 5.13026
 5.070 5.12431
 5.080 5.11847
 5.090 5.11272
 5.100 5.10701
 5.110 5.10125
 5.120 5.09537
 5.130 5.08925
 5.140 5.08281
 5.150 5.07597
 5.160 5.06868
 5.170 5.06090
 5.180 5.05263
 5.190 5.04390
 5.200 5.03479
 5.210 5.02539
 5.220 5.01581
 5.230 5.00618
 5.240 4.99663
 5.250 4.98729
 5.260 4.97832
 5.270 4.96984
 5.280 4.96203
 5.290 4.95503
 5.300 4.94902
 5.310 4.94416
 5.320 4.94062
 5.330 4.93854
 5.340 4.93808
 5.350 4.93935
 5.360 4.94246
 5.370 4.94752
 5.380 4.95457
 5.390 4.96366
 5.400 4.97481
 5.410 4.98800
 5.420 5.00319
 5.430 5.02032
 5.440 5.03928
 5.450 5.05996
 5.460 5.08223
 5.470 5.10595
 5.480 5.13097
 5.490 5.15712
 5.500 5.18425
 5.510 5.21218
 5.520 5.24073
 5.530 5.26973
 5.540 5.29897
 5.550 5.32825
 5.560 5.35732
 5.570 5.38590
 5.580 5.41369
 5.590 5.44039
 5.600 5.46569
 5.610 5.48928
 5.620 5.51087
 5.630 5.53025
 5.640 5.54726
 5.650 5.56181
 5.660 5.57389
 5.670 5.58355
 5.680 5.59089
 5.690 5.59605
 5.700 5.59921
 5.710 5.60056
 5.720 5.60032
 5.730 5.59870
 5.740 5.59593
 5.750 5.59225
 5.760 5.58789
 5.770 5.58306
 5.780 5.57798
 5.790 5.57282
 5.800 5.56774
 5.810 5.56286
 5.820 5.55830
 5.830 5.55411
 5.840 5.55032
 5.850 5.54693
 5.860 5.54389
 5.870 5.54114
 5.880 5.53861
 5.890 5.53622
 5.900 5.53390
 5.910 5.53159
 5.920 5.52924
 5.930 5.52680
 5.940 5.52420
 5.950 5.52141
 5.960 5.51838
 5.970 5.51507
 5.980 5.51143
 5.990 5.50742
 6.000 5.50301
 6.010 5.49818
 6.020 5.49290
 6.030 5.48714
 6.040 5.48089
 6.050 5.47414
 6.060 5.46688
 6.070 5.45912
 6.080 5.45087
 6.090 5.44216
 6.100 5.43303
 6.110 5.42351
 6.120 5.41363
 6.130 5.40341
 6.140 5.39289
 6.150 5.38213
