 0.000 0.22847
 0.010 0.23205
 0.020 0.23572
 0.030 0.23946
 0.040 0.24323
 0.050 0.24695
 0.060 0.25056
 0.070 0.25397
 0.080 0.25710
 0.090 0.25983
 0.100 0.26209
 0.110 0.26378
 0.120 0.26482
 0.130 0.26515
 0.140 0.26474
 0.150 0.26357
 0.160 0.26164
 0.170 0.25900
 0.180 0.25573
 0.190 0.25191
 0.200 0.24769
 0.210 0.24320
 0.220 0.23859
 0.230 0.23398
 0.240 0.22949
 0.250 0.22521
 0.260 0.22118
 0.270 0.21740
 0.280 0.21387
 0.290 0.21053
 0.300 0.20735
 0.310 0.20424
 0.320 0.20117
 0.330 0.19807
 0.340 0.19491
 0.350 0.19164
 0.360 0.18826
 0.370 0.18476
 0.380 0.18118
 0.390 0.17755
 0.400 0.17395
 0.410 0.17044
 0.420 0.16711
 0.430 0.16404
 0.440 0.16134
 0.450 0.15909
 0.460 0.15740
 0.470 0.15634
 0.480 0.15598
 0.490 0.15638
 0.500 0.15757
 0.510 0.15953
 0.520 0.16223
 0.530 0.16560
 0.540 0.16952
 0.550 0.17384
 0.560 0.17838
 0.570 0.18294
 0.580 0.18730
 0.590 0.19128
 0.600 0.19469
 0.610 0.19737
 0.620 0.19920
 0.630 0.20010
 0.640 0.20001
 0.650 0.19893
 0.660 0.19687
 0.670 0.19387
 0.680 0.18999
 0.690 0.18531
 0.700 0.17996
 0.710 0.17406
 0.720 0.16776
 0.730 0.16121
 0.740 0.15459
 0.750 0.14805
 0.760 0.14171
 0.770 0.13571
 0.780 0.13013
 0.790 0.12502
 0.800 0.12042
 0.810 0.11634
 0.820 0.11281
 0.830 0.10981
 0.840 0.10736
 0.850 0.10544
 0.860 0.10407
 0.870 0.10323
 0.880 0.10294
 0.890 0.10320
 0.900 0.10402
 0.910 0.10542
 0.920 0.10742
 0.930 0.11003
 0.940 0.11328
 0.950 0.11719
 0.960 0.12180
 0.970 0.12713
 0.980 0.13322
 0.990 0.14011
 1.000 0.14782
 1.010 0.15637
 1.020 0.16576
 1.030 0.17600
 1.040 0.18706
 1.050 0.19889
 1.060 0.21145
