 0.000 -0.91399
 0.010 -0.93296
 0.020 -0.95148
 0.030 -0.96927
 0.040 -0.98600
 0.050 -1.00133
 0.060 -1.01489
 0.070 -1.02635
 0.080 -1.03541
 0.090 -1.04183
 0.100 -1.04541
 0.110 -1.04603
 0.120 -1.04357
 0.130 -1.03798
 0.140 -1.02922
 0.150 -1.01728
 0.160 -1.00218
 0.170 -0.98398
 0.180 -0.96278
 0.190 -0.93873
 0.200 -0.91206
 0.210 -0.88304
 0.220 -0.85201
 0.230 -0.81932
 0.240 -0.78538
 0.250 -0.75055
 0.260 -0.71525
 0.270 -0.67987
 0.280 -0.64479
 0.290 -0.61042
 0.300 -0.57720
 0.310 -0.54553
 0.320 -0.51582
 0.330 -0.48846
 0.340 -0.46377
 0.350 -0.44204
 0.360 -0.42343
 0.370 -0.40800
 0.380 -0.39568
 0.390 -0.38626
 0.400 -0.37943
 0.410 -0.37476
 0.420 -0.37180
 0.430 -0.37001
 0.440 -0.36889
 0.450 -0.36795
 0.460 -0.36674
 0.470 -0.36487
 0.480 -0.36207
 0.490 -0.35815
 0.500 -0.35301
 0.510 -0.34668
 0.520 -0.33930
 0.530 -0.33109
 0.540 -0.32235
 0.550 -0.31343
 0.560 -0.30470
 0.570 -0.29657
 0.580 -0.28942
 0.590 -0.28363
 0.600 -0.27949
 0.610 -0.27724
 0.620 -0.27699
 0.630 -0.27879
 0.640 -0.28258
 0.650 -0.28822
 0.660 -0.29554
 0.670 -0.30433
 0.680 -0.31439
 0.690 -0.32553
 0.700 -0.33758
 0.710 -0.35040
 0.720 -0.36387
 0.730 -0.37789
 0.740 -0.39240
 0.750 -0.40732
 0.760 -0.42259
 0.770 -0.43815
 0.780 -0.45395
 0.790 -0.46997
 0.800 -0.48619
 0.810 -0.50262
 0.820 -0.51928
 0.830 -0.53620
 0.840 -0.55342
 0.850 -0.57101
 0.860 -0.58904
 0.870 -0.60758
 0.880 -0.62670
 0.890 -0.64644
 0.900 -0.66683
 0.910 -0.68787
 0.920 -0.70957
 0.930 -0.73188
 0.940 -0.75478
 0.950 -0.77825
 0.960 -0.80224
 0.970 -0.82675
 0.980 -0.85173
 0.990 -0.87712
 1.000 -0.90284
 1.010 -0.92876
 1.020 -0.95470
 1.030 -0.98041
 1.040 -1.00562
 1.050 -1.02996
 1.060 -1.05302
