 0.000 -0.39170
 0.010 -0.39264
 0.020 -0.39088
 0.030 -0.38646
 0.040 -0.37949
 0.050 -0.37012
 0.060 -0.35854
 0.070 -0.34497
 0.080 -0.32964
 0.090 -0.31281
 0.100 -0.29471
 0.110 -0.27557
 0.120 -0.25562
 0.130 -0.23507
 0.140 -0.21412
 0.150 -0.19294
 0.160 -0.17167
 0.170 -0.15043
 0.180 -0.12930
 0.190 -0.10832
 0.200 -0.08748
 0.210 -0.06677
 0.220 -0.04614
 0.230 -0.02552
 0.240 -0.00486
 0.250 0.01589
 0.260 0.03677
 0.270 0.05780
 0.280 0.07900
 0.290 0.10039
 0.300 0.12200
 0.310 0.14387
 0.320 0.16603
 0.330 0.18856
 0.340 0.21149
 0.350 0.23485
 0.360 0.25867
 0.370 0.28292
 0.380 0.30756
 0.390 0.33251
 0.400 0.35768
 0.410 0.38292
 0.420 0.40810
 0.430 0.43305
 0.440 0.45760
 0.450 0.48158
 0.460 0.50484
 0.470 0.52719
 0.480 0.54850
 0.490 0.56863
 0.500 0.58743
 0.510 0.60477
 0.520 0.62053
 0.530 0.63459
 0.540 0.64682
 0.550 0.65710
 0.560 0.66533
 0.570 0.67139
 0.580 0.67520
 0.590 0.67673
 0.600 0.67595
 0.610 0.67287
 0.620 0.66751
 0.630 0.65992
 0.640 0.65014
 0.650 0.63823
 0.660 0.62425
 0.670 0.60827
 0.680 0.59035
 0.690 0.57056
 0.700 0.54900
 0.710 0.52578
 0.720 0.50100
 0.730 0.47479
 0.740 0.44729
 0.750 0.41863
 0.760 0.38896
 0.770 0.35840
 0.780 0.32708
 0.790 0.29511
 0.800 0.26260
 0.810 0.22967
 0.820 0.19645
 0.830 0.16305
 0.840 0.12963
 0.850 0.09634
 0.860 0.06337
 0.870 0.03087
 0.880 -0.00097
 0.890 -0.03198
 0.900 -0.06199
 0.910 -0.09082
 0.920 -0.11831
 0.930 -0.14431
 0.940 -0.16866
 0.950 -0.19120
 0.960 -0.21177
 0.970 -0.23023
 0.980 -0.24640
 0.990 -0.26015
 1.000 -0.27134
 1.010 -0.27986
 1.020 -0.28565
 1.030 -0.28866
 1.040 -0.28893
 1.050 -0.28653
 1.060 -0.28158
