 0.000 0.27230
 0.010 -0.24217
 0.020 -0.24225
 0.030 -0.24233
 0.040 -0.24241
 0.050 -0.24247
 0.060 -0.24254
 0.070 -0.24259
 0.080 -0.24263
 0.090 -0.24267
 0.100 -0.24269
 0.110 -0.24271
 0.120 -0.24271
 0.130 -0.24270
 0.140 -0.24267
 0.150 -0.24263
 0.160 -0.24256
 0.170 -0.24248
 0.180 -0.24236
 0.190 -0.24222
 0.200 -0.24205
 0.210 -0.24183
 0.220 -0.24158
 0.230 -0.24128
 0.240 -0.24093
 0.250 -0.24053
 0.260 -0.24007
 0.270 -0.23955
 0.280 -0.23896
 0.290 -0.23829
 0.300 -0.23754
 0.310 -0.23670
 0.320 -0.23577
 0.330 -0.23473
 0.340 -0.23357
 0.350 -0.23229
 0.360 -0.23088
 0.370 -0.22933
 0.380 -0.22762
 0.390 -0.22574
 0.400 -0.22369
 0.410 -0.22144
 0.420 -0.21899
 0.430 -0.21632
 0.440 -0.21341
 0.450 -0.21025
 0.460 -0.20683
 0.470 -0.20315
 0.480 -0.19918
 0.490 -0.19494
 0.500 -0.19041
 0.510 -0.18560
 0.520 -0.18051
 0.530 -0.17515
 0.540 -0.16954
 0.550 -0.16370
 0.560 -0.15765
 0.570 -0.15142
 0.580 -0.14505
 0.590 -0.13859
 0.600 -0.13207
 0.610 -0.12555
 0.620 -0.11907
 0.630 -0.11268
 0.640 -0.10642
 0.650 -0.10032
 0.660 -0.09442
 0.670 -0.08876
 0.680 -0.08334
 0.690 -0.07817
 0.700 -0.07328
 0.710 -0.06864
 0.720 -0.06425
 0.730 -0.06010
 0.740 -0.05618
 0.750 -0.05245
 0.760 -0.04890
 0.770 -0.04551
 0.780 -0.04226
 0.790 -0.03911
 0.800 -0.03606
 0.810 -0.03308
 0.820 -0.03015
 0.830 -0.02727
 0.840 -0.02442
 0.850 -0.02159
 0.860 -0.01878
 0.870 -0.01600
 0.880 -0.01324
 0.890 -0.01051
 0.900 -0.00781
 0.910 -0.00514
 0.920 -0.00250
 0.930 0.00009
 0.940 0.00264
 0.950 0.00515
 0.960 0.00760
 0.970 0.01000
 0.980 0.01235
 0.990 0.01464
 1.000 0.01687
 1.010 0.01904
 1.020 0.02116
 1.030 0.02323
 1.040 0.02525
 1.050 0.02722
 1.060 0.02914
 1.070 0.03101
 1.080 0.03283
 1.090 0.03458
 1.100 0.03627
 1.110 0.03788
 1.120 0.03942
 1.130 0.04086
 1.140 0.04220
 1.150 0.04343
 1.160 0.04455
 1.170 0.04557
 1.180 0.04649
 1.190 0.04732
 1.200 0.04807
 1.210 0.04876
 1.220 0.04939
 1.230 0.04998
 1.240 0.05053
 1.250 0.05106
 1.260 0.05157
 1.270 0.05206
 1.280 0.05256
 1.290 0.05307
 1.300 0.05358
 1.310 0.05412
 1.320 0.05467
 1.330 0.05525
 1.340 0.05584
 1.350 0.05645
 1.360 0.05706
 1.370 0.05768
 1.380 0.05829
 1.390 0.05889
 1.400 0.05948
 1.410 0.06006
 1.420 0.06062
 1.430 0.06115
 1.440 0.06166
 1.450 0.06214
 1.460 0.06259
 1.470 0.06301
 1.480 0.06341
 1.490 0.06377
 1.500 0.06411
 1.510 0.06442
 1.520 0.06470
 1.530 0.06494
 1.540 0.06515
 1.550 0.06532
 1.560 0.06545
 1.570 0.06555
 1.580 0.06561
 1.590 0.06564
 1.600 0.06563
 1.610 0.06559
 1.620 0.06553
 1.630 0.06542
 1.640 0.06528
 1.650 0.06510
 1.660 0.06487
 1.670 0.06458
 1.680 0.06424
 1.690 0.06382
 1.700 0.06333
 1.710 0.06276
 1.720 0.06210
 1.730 0.06133
 1.740 0.06044
 1.750 0.05944
 1.760 0.05830
 1.770 0.05702
 1.780 0.05561
 1.790 0.05404
 1.800 0.05232
 1.810 0.05043
 1.820 0.04839
 1.830 0.04617
 1.840 0.04379
 1.850 0.04124
 1.860 0.03851
 1.870 0.03561
 1.880 0.03254
 1.890 0.02929
 1.900 0.02589
 1.910 0.02234
 1.920 0.01865
 1.930 0.01482
 1.940 0.01086
 1.950 0.00679
 1.960 0.00261
 1.970 -0.00165
 1.980 -0.00601
 1.990 -0.01043
 2.000 -0.01492
 2.010 -0.01948
 2.020 -0.02409
 2.030 -0.02875
 2.040 -0.03345
 2.050 -0.03818
 2.060 -0.04294
 2.070 -0.04772
 2.080 -0.05251
 2.090 -0.05730
 2.100 -0.06207
 2.110 -0.06682
 2.120 -0.07154
 2.130 -0.07622
 2.140 -0.08086
 2.150 -0.08545
 2.160 -0.08999
 2.170 -0.09446
 2.180 -0.09888
 2.190 -0.10323
 2.200 -0.10750
 2.210 -0.11171
 2.220 -0.11583
 2.230 -0.11986
 2.240 -0.12380
 2.250 -0.12764
 2.260 -0.13137
 2.270 -0.13499
 2.280 -0.13848
 2.290 -0.14185
 2.300 -0.14509
 2.310 -0.14818
 2.320 -0.15113
 2.330 -0.15392
 2.340 -0.15657
 2.350 -0.15907
 2.360 -0.16143
 2.370 -0.16365
 2.380 -0.16573
 2.390 -0.16769
 2.400 -0.16952
 2.410 -0.17123
 2.420 -0.17282
 2.430 -0.17431
 2.440 -0.17569
 2.450 -0.17696
 2.460 -0.17813
 2.470 -0.17920
 2.480 -0.18018
 2.490 -0.18108
 2.500 -0.18189
 2.510 -0.18262
 2.520 -0.18329
 2.530 -0.18389
 2.540 -0.18442
 2.550 -0.18491
 2.560 -0.18534
 2.570 -0.18573
 2.580 -0.18608
 2.590 -0.18639
 2.600 -0.18667
 2.610 -0.18690
 2.620 -0.18710
 2.630 -0.18727
 2.640 -0.18740
 2.650 -0.18750
 2.660 -0.18758
 2.670 -0.18762
 2.680 -0.18764
 2.690 -0.18764
 2.700 -0.18763
 2.710 -0.18759
 2.720 -0.18754
 2.730 -0.18747
 2.740 -0.18739
 2.750 -0.18729
 2.760 -0.18719
 2.770 -0.18707
 2.780 -0.18694
 2.790 -0.18680
 2.800 -0.18665
 2.810 -0.18650
 2.820 -0.18634
 2.830 -0.18617
 2.840 -0.18600
 2.850 -0.18582
 2.860 -0.18564
 2.870 -0.18545
 2.880 -0.18526
 2.890 -0.18506
 2.900 -0.18486
 2.910 -0.18465
 2.920 -0.18443
 2.930 -0.18421
 2.940 -0.18397
 2.950 -0.18373
 2.960 -0.18346
 2.970 -0.18319
 2.980 -0.18289
 2.990 -0.18258
 3.000 -0.18224
 3.010 -0.18188
 3.020 -0.18148
 3.030 -0.18105
 3.040 -0.18059
 3.050 -0.18008
 3.060 -0.17952
 3.070 -0.17890
 3.080 -0.17823
 3.090 -0.17749
 3.100 -0.17668
 3.110 -0.17580
 3.120 -0.17484
 3.130 -0.17379
 3.140 -0.17266
 3.150 -0.17143
 3.160 -0.17011
 3.170 -0.16868
 3.180 -0.16714
 3.190 -0.16549
 3.200 -0.16374
 3.210 -0.16187
 3.220 -0.15988
 3.230 -0.15777
 3.240 -0.15555
 3.250 -0.15321
 3.260 -0.15074
 3.270 -0.14814
 3.280 -0.14542
 3.290 -0.14257
 3.300 -0.13959
 3.310 -0.13647
 3.320 -0.13321
 3.330 -0.12983
 3.340 -0.12631
 3.350 -0.12266
 3.360 -0.11889
 3.370 -0.11501
 3.380 -0.11103
 3.390 -0.10695
 3.400 -0.10279
 3.410 -0.09855
 3.420 -0.09425
 3.430 -0.08990
 3.440 -0.08550
 3.450 -0.08106
 3.460 -0.07660
 3.470 -0.07211
 3.480 -0.06762
 3.490 -0.06313
 3.500 -0.05865
 3.510 -0.05419
 3.520 -0.04976
 3.530 -0.04537
 3.540 -0.04103
 3.550 -0.03674
 3.560 -0.03252
 3.570 -0.02836
 3.580 -0.02428
 3.590 -0.02027
 3.600 -0.01633
 3.610 -0.01248
 3.620 -0.00870
 3.630 -0.00502
 3.640 -0.00143
 3.650 0.00207
 3.660 0.00547
 3.670 0.00876
 3.680 0.01194
 3.690 0.01501
 3.700 0.01797
 3.710 0.02081
 3.720 0.02353
 3.730 0.02613
 3.740 0.02862
 3.750 0.03098
 3.760 0.03324
 3.770 0.03537
 3.780 0.03740
 3.790 0.03933
 3.800 0.04115
 3.810 0.04288
 3.820 0.04453
 3.830 0.04611
 3.840 0.04762
 3.850 0.04909
 3.860 0.05052
 3.870 0.05191
 3.880 0.05328
 3.890 0.05463
 3.900 0.05595
 3.910 0.05726
 3.920 0.05854
 3.930 0.05979
 3.940 0.06102
 3.950 0.06221
 3.960 0.06338
 3.970 0.06452
 3.980 0.06563
 3.990 0.06671
 4.000 0.06776
 4.010 0.06877
 4.020 0.06974
 4.030 0.07067
 4.040 0.07154
 4.050 0.07234
 4.060 0.07306
 4.070 0.07369
 4.080 0.07421
 4.090 0.07462
 4.100 0.07490
 4.110 0.07505
 4.120 0.07507
 4.130 0.07497
 4.140 0.07474
 4.150 0.07440
 4.160 0.07396
 4.170 0.07343
 4.180 0.07282
 4.190 0.07213
 4.200 0.07139
 4.210 0.07059
 4.220 0.06977
 4.230 0.06891
 4.240 0.06806
 4.250 0.06720
 4.260 0.06638
 4.270 0.06560
 4.280 0.06488
 4.290 0.06425
 4.300 0.06371
 4.310 0.06329
 4.320 0.06300
 4.330 0.06284
 4.340 0.06282
 4.350 0.06292
 4.360 0.06314
 4.370 0.06345
 4.380 0.06383
 4.390 0.06426
 4.400 0.06472
 4.410 0.06517
 4.420 0.06560
 4.430 0.06600
 4.440 0.06634
 4.450 0.06663
 4.460 0.06684
 4.470 0.06697
 4.480 0.06703
 4.490 0.06701
 4.500 0.06691
 4.510 0.06675
 4.520 0.06652
 4.530 0.06623
 4.540 0.06589
 4.550 0.06548
 4.560 0.06501
 4.570 0.06448
 4.580 0.06387
 4.590 0.06318
 4.600 0.06241
 4.610 0.06155
 4.620 0.06063
 4.630 0.05964
 4.640 0.05859
 4.650 0.05751
 4.660 0.05640
 4.670 0.05529
 4.680 0.05419
 4.690 0.05312
 4.700 0.05208
 4.710 0.05109
 4.720 0.05016
 4.730 0.04931
 4.740 0.04854
 4.750 0.04785
 4.760 0.04727
 4.770 0.04677
 4.780 0.04637
 4.790 0.04604
 4.800 0.04579
 4.810 0.04560
 4.820 0.04546
 4.830 0.04535
 4.840 0.04527
 4.850 0.04520
 4.860 0.04514
 4.870 0.04508
 4.880 0.04502
 4.890 0.04494
 4.900 0.04487
 4.910 0.04478
 4.920 0.04469
 4.930 0.04460
 4.940 0.04451
 4.950 0.04442
 4.960 0.04434
 4.970 0.04426
 4.980 0.04419
 4.990 0.04411
 5.000 0.04404
 5.010 0.04394
 5.020 0.04383
 5.030 0.04367
 5.040 0.04346
 5.050 0.04318
 5.060 0.04281
 5.070 0.04235
 5.080 0.04177
 5.090 0.04107
 5.100 0.04023
 5.110 0.03925
 5.120 0.03812
 5.130 0.03684
 5.140 0.03541
 5.150 0.03384
 5.160 0.03211
 5.170 0.03024
 5.180 0.02822
 5.190 0.02604
 5.200 0.02372
 5.210 0.02124
 5.220 0.01860
 5.230 0.01582
 5.240 0.01290
 5.250 0.00983
 5.260 0.00662
 5.270 0.00327
 5.280 -0.00022
 5.290 -0.00384
 5.300 -0.00761
 5.310 -0.01151
 5.320 -0.01555
 5.330 -0.01972
 5.340 -0.02403
 5.350 -0.02846
 5.360 -0.03301
 5.370 -0.03766
 5.380 -0.04241
 5.390 -0.04724
 5.400 -0.05214
 5.410 -0.05706
 5.420 -0.06201
 5.430 -0.06694
 5.440 -0.07182
 5.450 -0.07665
 5.460 -0.08137
 5.470 -0.08598
 5.480 -0.09045
 5.490 -0.09477
 5.500 -0.09891
 5.510 -0.10286
 5.520 -0.10663
 5.530 -0.11022
 5.540 -0.11361
 5.550 -0.11683
 5.560 -0.11988
 5.570 -0.12277
 5.580 -0.12551
 5.590 -0.12813
 5.600 -0.13062
 5.610 -0.13301
 5.620 -0.13531
 5.630 -0.13752
 5.640 -0.13965
 5.650 -0.14170
 5.660 -0.14368
 5.670 -0.14558
 5.680 -0.14739
 5.690 -0.14913
 5.700 -0.15078
 5.710 -0.15234
 5.720 -0.15382
 5.730 -0.15520
 5.740 -0.15650
 5.750 -0.15772
 5.760 -0.15885
 5.770 -0.15991
 5.780 -0.16089
 5.790 -0.16180
 5.800 -0.16265
 5.810 -0.16343
 5.820 -0.16414
 5.830 -0.16480
 5.840 -0.16540
 5.850 -0.16594
 5.860 -0.16642
 5.870 -0.16684
 5.880 -0.16722
 5.890 -0.16754
 5.900 -0.16782
 5.910 -0.16806
 5.920 -0.16827
 5.930 -0.16844
 5.940 -0.16859
 5.950 -0.16872
 5.960 -0.16883
 5.970 -0.16893
 5.980 -0.16901
 5.990 -0.16907
 6.000 -0.16913
 6.010 -0.16916
 6.020 -0.16917
 6.030 -0.16916
 6.040 -0.16910
 6.050 -0.16899
 6.060 -0.16881
 6.070 -0.16856
 6.080 -0.16823
 6.090 -0.16779
 6.100 -0.16723
 6.110 -0.16655
 6.120 -0.16572
 6.130 -0.16474
 6.140 -0.16360
 6.150 -0.16230
