 0.000 5.65555
 0.010 5.61929
 0.020 5.58170
 0.030 5.54316
 0.040 5.50418
 0.050 5.46548
 0.060 5.42799
 0.070 5.39291
 0.080 5.36165
 0.090 5.33574
 0.100 5.31667
 0.110 5.30564
 0.120 5.30326
 0.130 5.30939
 0.140 5.32301
 0.150 5.34238
 0.160 5.36538
 0.170 5.38993
 0.180 5.41443
 0.190 5.43783
 0.200 5.45960
 0.210 5.47966
 0.220 5.49835
 0.230 5.51629
 0.240 5.53413
 0.250 5.55242
 0.260 5.57153
 0.270 5.59165
 0.280 5.61276
 0.290 5.63471
 0.300 5.65716
 0.310 5.67961
 0.320 5.70146
 0.330 5.72205
 0.340 5.74065
 0.350 5.75655
 0.360 5.76908
 0.370 5.77769
 0.380 5.78201
 0.390 5.78192
 0.400 5.77753
 0.410 5.76919
 0.420 5.75743
 0.430 5.74300
 0.440 5.72679
 0.450 5.70982
 0.460 5.69317
 0.470 5.67790
 0.480 5.66492
 0.490 5.65498
 0.500 5.64864
 0.510 5.64631
 0.520 5.64819
 0.530 5.65432
 0.540 5.66453
 0.550 5.67838
 0.560 5.69527
 0.570 5.71455
 0.580 5.73561
 0.590 5.75788
 0.600 5.78083
 0.610 5.80390
 0.620 5.82657
 0.630 5.84835
 0.640 5.86886
 0.650 5.88790
 0.660 5.90533
 0.670 5.92111
 0.680 5.93527
 0.690 5.94786
 0.700 5.95898
 0.710 5.96873
 0.720 5.97722
 0.730 5.98454
 0.740 5.99080
 0.750 5.99604
 0.760 6.00032
 0.770 6.00368
 0.780 6.00614
 0.790 6.00773
 0.800 6.00846
 0.810 6.00834
 0.820 6.00737
 0.830 6.00551
 0.840 6.00273
 0.850 5.99898
 0.860 5.99417
 0.870 5.98824
 0.880 5.98110
 0.890 5.97269
 0.900 5.96296
 0.910 5.95190
 0.920 5.93944
 0.930 5.92554
 0.940 5.91009
 0.950 5.89299
 0.960 5.87408
 0.970 5.85319
 0.980 5.83015
 0.990 5.80478
 1.000 5.77688
 1.010 5.74629
 1.020 5.71288
 1.030 5.67663
 1.040 5.63759
 1.050 5.59594
 1.060 5.55195
