 0.000 -1.32848
 0.010 -1.32552
 0.020 -1.32315
 0.030 -1.32147
 0.040 -1.32072
 0.050 -1.32120
 0.060 -1.32315
 0.070 -1.32674
 0.080 -1.33200
 0.090 -1.33885
 0.100 -1.34708
 0.110 -1.35644
 0.120 -1.36668
 0.130 -1.37756
 0.140 -1.38887
 0.150 -1.40043
 0.160 -1.41208
 0.170 -1.42368
 0.180 -1.43511
 0.190 -1.44629
 0.200 -1.45714
 0.210 -1.46761
 0.220 -1.47767
 0.230 -1.48732
 0.240 -1.49655
 0.250 -1.50536
 0.260 -1.51378
 0.270 -1.52180
 0.280 -1.52943
 0.290 -1.53666
 0.300 -1.54348
 0.310 -1.54985
 0.320 -1.55576
 0.330 -1.56115
 0.340 -1.56597
 0.350 -1.57017
 0.360 -1.57364
 0.370 -1.57630
 0.380 -1.57805
 0.390 -1.57880
 0.400 -1.57848
 0.410 -1.57704
 0.420 -1.57447
 0.430 -1.57075
 0.440 -1.56586
 0.450 -1.55978
 0.460 -1.55247
 0.470 -1.54384
 0.480 -1.53379
 0.490 -1.52220
 0.500 -1.50891
 0.510 -1.49377
 0.520 -1.47661
 0.530 -1.45730
 0.540 -1.43572
 0.550 -1.41182
 0.560 -1.38562
 0.570 -1.35727
 0.580 -1.32707
 0.590 -1.29550
 0.600 -1.26318
 0.610 -1.23090
 0.620 -1.19955
 0.630 -1.17010
 0.640 -1.14348
 0.650 -1.12054
 0.660 -1.10193
 0.670 -1.08805
 0.680 -1.07908
 0.690 -1.07499
 0.700 -1.07562
 0.710 -1.08074
 0.720 -1.09011
 0.730 -1.10350
 0.740 -1.12066
 0.750 -1.14129
 0.760 -1.16499
 0.770 -1.19128
 0.780 -1.21954
 0.790 -1.24907
 0.800 -1.27906
 0.810 -1.30868
 0.820 -1.33709
 0.830 -1.36348
 0.840 -1.38713
 0.850 -1.40747
 0.860 -1.42404
 0.870 -1.43655
 0.880 -1.44490
 0.890 -1.44919
 0.900 -1.44969
 0.910 -1.44680
 0.920 -1.44107
 0.930 -1.43310
 0.940 -1.42354
 0.950 -1.41302
 0.960 -1.40214
 0.970 -1.39145
 0.980 -1.38137
 0.990 -1.37226
 1.000 -1.36433
 1.010 -1.35775
 1.020 -1.35260
 1.030 -1.34891
 1.040 -1.34663
 1.050 -1.34568
 1.060 -1.34594
