14.0000 13.0000 0.0000 0.0000 0.0000 0.0000 0.0000 0.0000 16.0000 0.0000 0.0000 0.0000 3.0000
0.3101 0.3100 4.5137 -0.4078 -0.0048 -0.0040 4.4550 0.0860
0.2424 1.2031 4.6463 -0.4078 -0.0054 0.0043 0.8800 0.0083
0.2604 0.9364 5.0214 -0.4075 -0.0060 0.0039 1.5400 0.0070
0.2593 1.2135 4.7269 -0.4090 -0.0039 0.0049 0.8800 0.0082
0.2976 0.9553 5.1672 -0.4090 -0.0044 0.0055 1.5400 0.0066
0.2723 1.0925 4.7717 -0.4077 -0.0048 0.0003 27.3350 0.0000
0.2710 0.6608 4.6091 -0.4078 -0.0041 -0.0038 5.5000 0.0903
0.2275 0.2753 4.6139 -0.4084 -0.0015 -0.0086 2.5575 0.0355
0.2538 0.0418 6.0166 -0.4091 -0.0002 -0.0086 0.7975 0.0018
0.3431 0.0278 6.2627 -0.4092 -0.0005 -0.0075 0.3300 0.0000
0.2697 0.6703 4.6462 -0.4077 -0.0028 -0.0089 5.5000 0.0916
0.2394 0.2716 4.5982 -0.4069 0.0016 -0.0171 2.5575 0.0349
0.2629 0.0415 6.0281 -0.4068 0.0054 -0.0166 0.7975 0.0018
0.3552 0.0263 6.2237 -0.4071 0.0050 -0.0165 0.3300 0.0000
1.0000 6.0000 0.2806 0.0000 -0.2556 0.0000
1.0000 2.0000 0.2806 0.0000 -0.1401 0.0000
2.0000 3.0000 0.1812 0.0000 -0.0899 0.0000
1.0000 4.0000 0.2806 0.0000 -0.1385 0.0000
4.0000 5.0000 0.1792 0.0000 -0.0872 0.0000
6.0000 7.0000 0.2556 0.0000 -0.1718 0.0000
7.0000 8.0000 0.2250 0.0000 -0.1689 0.0000
8.0000 9.0000 0.2211 0.0000 -0.0498 0.0000
9.0000 10.0000 0.0498 0.0000 -0.0414 0.0000
6.0000 11.0000 0.2556 0.0000 -0.1730 0.0000
11.0000 12.0000 0.2265 0.0000 -0.1675 0.0000
12.0000 13.0000 0.2194 0.0000 -0.0501 0.0000
13.0000 14.0000 0.0501 0.0000 -0.0438 0.0000
  4.00   1.00   0.00   6.00   0.00   0.00   0.00   0.00   4.00   1.00
  4.00   2.00   0.00   6.00   0.00   0.00   0.00   0.00   4.00   2.00
  4.00   3.00   0.00   2.00   0.00   0.00   0.00   0.00   4.00   3.00
  4.00   4.00   0.00   6.00   0.00   0.00   0.00   0.00   4.00   4.00
  4.00   5.00   0.00   4.00   0.00   0.00   0.00   0.00   4.00   5.00
  3.00   6.00   1.00   0.00   0.00   0.00   0.00   0.00   4.00   6.00
  3.00   6.00   2.00   0.00   0.00   0.00   0.00   0.00   4.00   7.00
  3.00   6.00   3.00   0.00   0.00   0.00   0.00   0.00   4.00   8.00
  4.00   7.00   0.00   6.00   0.00   0.00   0.00   0.00   4.00   9.00
  4.00   8.00   0.00   7.00   0.00   0.00   0.00   0.00   4.00  10.00
  4.00   9.00   0.00   8.00   0.00   0.00   0.00   0.00   4.00  11.00
  4.00  10.00   0.00   9.00   0.00   0.00   0.00   0.00   4.00  12.00
  4.00  11.00   0.00   6.00   0.00   0.00   0.00   0.00   4.00  13.00
  4.00  12.00   0.00  11.00   0.00   0.00   0.00   0.00   4.00  14.00
  4.00  13.00   0.00  12.00   0.00   0.00   0.00   0.00   4.00  15.00
  4.00  14.00   0.00  13.00   0.00   0.00   0.00   0.00   4.00  16.00
 13.00   4.00   1.00
  9.00   4.00   2.00
 13.00   4.00   3.00
  0.00 -9.8100
  8.00   1.00   5.00   5.00
  0.00   0.01   5.61   0.01
