 0.000 -1.200425 4.056422 0.000000 0.884994 0.000000
 0.010 -1.190503 4.097504 0.000000 0.884994 0.000000
 0.020 -1.191198 4.159706 0.000000 0.884994 0.000000
 0.030 -1.198491 4.225814 0.000000 0.884994 0.000000
 0.040 -1.196845 4.253636 0.000000 0.884994 0.000000
 0.050 -1.176497 4.224401 0.000000 0.884994 0.000000
 0.060 -1.145240 4.163377 0.000000 0.884994 0.000000
 0.070 -1.122940 4.109085 0.000000 0.884994 0.000000
 0.080 -1.125126 4.075224 0.000000 0.884994 0.000000
 0.090 -1.150407 4.052973 0.000000 0.884994 0.000000
 0.100 -1.181623 4.040587 0.000000 0.884994 0.000000
 0.110 -1.199288 4.051040 0.000000 0.884994 0.000000
 0.120 -1.195450 4.085852 0.000000 0.884994 0.000000
 0.130 -1.176060 4.116499 0.000000 0.884994 0.000000
 0.140 -1.152342 4.107262 0.000000 0.884994 0.000000
 0.150 -1.132544 4.056114 0.000000 0.884994 0.000000
 0.160 -1.121236 4.001546 0.000000 0.884994 0.000000
 0.170 -1.121661 3.981198 0.000000 0.884994 0.000000
 0.180 -1.134462 3.987439 0.000000 0.884994 0.000000
 0.190 -1.154217 3.974186 0.000000 0.884994 0.000000
 0.200 -1.170189 3.912234 0.000000 0.884994 0.000000
 0.210 -1.173012 3.829839 0.000000 0.884994 0.000000
 0.220 -1.161525 3.788305 0.000000 0.884994 0.000000
 0.230 -1.143102 3.819269 0.000000 0.884994 0.000000
 0.240 -1.127598 3.894036 0.000000 0.884994 0.000000
 0.250 -1.120983 3.953273 0.000000 0.884994 0.000000
 0.260 -1.123309 3.959913 0.000000 0.884994 0.000000
 0.270 -1.130468 3.925316 0.000000 0.884994 0.000000
 0.280 -1.137267 3.893165 0.000000 0.884994 0.000000
 0.290 -1.140400 3.901670 0.000000 0.884994 0.000000
 0.300 -1.139901 3.957697 0.000000 0.884994 0.000000
 0.310 -1.137704 4.040855 0.000000 0.884994 0.000000
 0.320 -1.134716 4.124662 0.000000 0.884994 0.000000
 0.330 -1.130247 4.188661 0.000000 0.884994 0.000000
 0.340 -1.125074 4.214971 0.000000 0.884994 0.000000
 0.350 -1.123725 4.187577 0.000000 0.884994 0.000000
 0.360 -1.130845 4.108295 0.000000 0.884994 0.000000
 0.370 -1.144121 4.013085 0.000000 0.884994 0.000000
 0.380 -1.153441 3.958518 0.000000 0.884994 0.000000
 0.390 -1.150220 3.978678 0.000000 0.884994 0.000000
 0.400 -1.136945 4.053456 0.000000 0.884994 0.000000
 0.410 -1.124973 4.123220 0.000000 0.884994 0.000000
 0.420 -1.123479 4.137652 0.000000 0.884994 0.000000
 0.430 -1.132887 4.095788 0.000000 0.884994 0.000000
 0.440 -1.147741 4.044912 0.000000 0.884994 0.000000
 0.450 -1.161729 4.038056 0.000000 0.884994 0.000000
 0.460 -1.169235 4.084066 0.000000 0.884994 0.000000
 0.470 -1.166102 4.138041 0.000000 0.884994 0.000000
 0.480 -1.152377 4.145187 0.000000 0.884994 0.000000
 0.490 -1.133933 4.092418 0.000000 0.884994 0.000000
 0.500 -1.119377 4.013877 0.000000 0.884994 0.000000
 0.510 -1.114196 3.953015 0.000000 0.884994 0.000000
 0.520 -1.117713 3.927906 0.000000 0.884994 0.000000
 0.530 -1.125823 3.928082 0.000000 0.884994 0.000000
 0.540 -1.136044 3.932676 0.000000 0.884994 0.000000
 0.550 -1.148166 3.929887 0.000000 0.884994 0.000000
 0.560 -1.159667 3.925779 0.000000 0.884994 0.000000
 0.570 -1.164035 3.935976 0.000000 0.884994 0.000000
 0.580 -1.157455 3.966257 0.000000 0.884994 0.000000
 0.590 -1.145724 4.003653 0.000000 0.884994 0.000000
 0.600 -1.140126 4.030151 0.000000 0.884994 0.000000
 0.610 -1.146215 4.041379 0.000000 0.884994 0.000000
 0.620 -1.159845 4.045812 0.000000 0.884994 0.000000
 0.630 -1.173485 4.048139 0.000000 0.884994 0.000000
 0.640 -1.181943 4.042666 0.000000 0.884994 0.000000
 0.650 -1.181929 4.027206 0.000000 0.884994 0.000000
 0.660 -1.171651 4.016300 0.000000 0.884994 0.000000
 0.670 -1.153919 4.028863 0.000000 0.884994 0.000000
 0.680 -1.136428 4.059765 0.000000 0.884994 0.000000
 0.690 -1.125470 4.074646 0.000000 0.884994 0.000000
 0.700 -1.120675 4.045165 0.000000 0.884994 0.000000
 0.710 -1.118721 3.986934 0.000000 0.884994 0.000000
 0.720 -1.120740 3.949610 0.000000 0.884994 0.000000
 0.730 -1.131609 3.965640 0.000000 0.884994 0.000000
 0.740 -1.151249 4.018466 0.000000 0.884994 0.000000
 0.750 -1.170843 4.066542 0.000000 0.884994 0.000000
 0.760 -1.180257 4.088547 0.000000 0.884994 0.000000
 0.770 -1.177043 4.093589 0.000000 0.884994 0.000000
 0.780 -1.166476 4.091974 0.000000 0.884994 0.000000
 0.790 -1.155122 4.073083 0.000000 0.884994 0.000000
 0.800 -1.146558 4.021472 0.000000 0.884994 0.000000
 0.810 -1.141283 3.946985 0.000000 0.884994 0.000000
 0.820 -1.137694 3.885653 0.000000 0.884994 0.000000
 0.830 -1.133479 3.868083 0.000000 0.884994 0.000000
 0.840 -1.128148 3.893561 0.000000 0.884994 0.000000
 0.850 -1.124215 3.937586 0.000000 0.884994 0.000000
 0.860 -1.124816 3.978626 0.000000 0.884994 0.000000
 0.870 -1.130660 4.012209 0.000000 0.884994 0.000000
 0.880 -1.139945 4.042103 0.000000 0.884994 0.000000
 0.890 -1.149757 4.066015 0.000000 0.884994 0.000000
 0.900 -1.156263 4.074919 0.000000 0.884994 0.000000
 0.910 -1.155396 4.064498 0.000000 0.884994 0.000000
 0.920 -1.146198 4.043300 0.000000 0.884994 0.000000
 0.930 -1.133455 4.028610 0.000000 0.884994 0.000000
 0.940 -1.125086 4.032845 0.000000 0.884994 0.000000
 0.950 -1.126022 4.049582 0.000000 0.884994 0.000000
 0.960 -1.134446 4.053791 0.000000 0.884994 0.000000
 0.970 -1.143058 4.026162 0.000000 0.884994 0.000000
 0.980 -1.143996 3.982862 0.000000 0.884994 0.000000
 0.990 -1.134553 3.970751 0.000000 0.884994 0.000000
 1.000 -1.119812 4.020263 0.000000 0.884994 0.000000
 1.010 -1.109263 4.106265 0.000000 0.884994 0.000000
 1.020 -1.109899 4.167885 0.000000 0.884994 0.000000
 1.030 -1.121889 4.169030 0.000000 0.884994 0.000000
 1.040 -1.139090 4.130616 0.000000 0.884994 0.000000
 1.050 -1.152070 4.100218 0.000000 0.884994 0.000000
 1.060 -1.152728 4.099152 0.000000 0.884994 0.000000
 1.070 -1.140397 4.108463 0.000000 0.884994 0.000000
 1.080 -1.124613 4.102764 0.000000 0.884994 0.000000
 1.090 -1.118955 4.083481 0.000000 0.884994 0.000000
 1.100 -1.129596 4.070422 0.000000 0.884994 0.000000
 1.110 -1.149473 4.068467 0.000000 0.884994 0.000000
 1.120 -1.163386 4.057872 0.000000 0.884994 0.000000
 1.130 -1.158796 4.022799 0.000000 0.884994 0.000000
 1.140 -1.134120 3.980440 0.000000 0.884994 0.000000
 1.150 -1.100275 3.971049 0.000000 0.884994 0.000000
 1.160 -1.074869 4.017700 0.000000 0.884994 0.000000
 1.170 -1.071178 4.100652 0.000000 0.884994 0.000000
 1.180 -1.088414 4.173594 0.000000 0.884994 0.000000
 1.190 -1.112244 4.203561 0.000000 0.884994 0.000000
 1.200 -1.127437 4.194048 0.000000 0.884994 0.000000
 1.210 -1.131389 4.171418 0.000000 0.884994 0.000000
 1.220 -1.134236 4.153815 0.000000 0.884994 0.000000
 1.230 -1.145537 4.137736 0.000000 0.884994 0.000000
 1.240 -1.162695 4.113120 0.000000 0.884994 0.000000
 1.250 -1.173219 4.084138 0.000000 0.884994 0.000000
 1.260 -1.167034 4.070233 0.000000 0.884994 0.000000
 1.270 -1.146137 4.087738 0.000000 0.884994 0.000000
 1.280 -1.123733 4.132468 0.000000 0.884994 0.000000
 1.290 -1.114443 4.180174 0.000000 0.884994 0.000000
 1.300 -1.123313 4.203897 0.000000 0.884994 0.000000
 1.310 -1.142492 4.192390 0.000000 0.884994 0.000000
 1.320 -1.158943 4.154713 0.000000 0.884994 0.000000
 1.330 -1.166320 4.110829 0.000000 0.884994 0.000000
 1.340 -1.168941 4.079303 0.000000 0.884994 0.000000
 1.350 -1.173879 4.070064 0.000000 0.884994 0.000000
 1.360 -1.180661 4.082442 0.000000 0.884994 0.000000
 1.370 -1.180515 4.107663 0.000000 0.884994 0.000000
 1.380 -1.165676 4.135297 0.000000 0.884994 0.000000
 1.390 -1.138424 4.158295 0.000000 0.884994 0.000000
 1.400 -1.110849 4.170836 0.000000 0.884994 0.000000
 1.410 -1.096139 4.163166 0.000000 0.884994 0.000000
 1.420 -1.099618 4.124149 0.000000 0.884994 0.000000
 1.430 -1.116493 4.052900 0.000000 0.884994 0.000000
 1.440 -1.135943 3.967268 0.000000 0.884994 0.000000
 1.450 -1.146869 3.897987 0.000000 0.884994 0.000000
 1.460 -1.143210 3.872042 0.000000 0.884994 0.000000
 1.470 -1.128345 3.898213 0.000000 0.884994 0.000000
 1.480 -1.114151 3.962416 0.000000 0.884994 0.000000
 1.490 -1.111448 4.033205 0.000000 0.884994 0.000000
 1.500 -1.119528 4.077589 0.000000 0.884994 0.000000
 1.510 -1.127054 4.082147 0.000000 0.884994 0.000000
 1.520 -1.124197 4.061941 0.000000 0.884994 0.000000
 1.530 -1.112838 4.044612 0.000000 0.884994 0.000000
 1.540 -1.105306 4.045052 0.000000 0.884994 0.000000
 1.550 -1.114382 4.059486 0.000000 0.884994 0.000000
 1.560 -1.142776 4.082119 0.000000 0.884994 0.000000
 1.570 -1.178863 4.116885 0.000000 0.884994 0.000000
 1.580 -1.202520 4.165609 0.000000 0.884994 0.000000
 1.590 -1.198909 4.210611 0.000000 0.884994 0.000000
 1.600 -1.169786 4.222397 0.000000 0.884994 0.000000
 1.610 -1.131741 4.190682 0.000000 0.884994 0.000000
 1.620 -1.103118 4.142239 0.000000 0.884994 0.000000
 1.630 -1.092563 4.121302 0.000000 0.884994 0.000000
 1.640 -1.097937 4.151762 0.000000 0.884994 0.000000
 1.650 -1.111452 4.217657 0.000000 0.884994 0.000000
 1.660 -1.123735 4.274983 0.000000 0.884994 0.000000
 1.670 -1.127214 4.281240 0.000000 0.884994 0.000000
 1.680 -1.121281 4.222721 0.000000 0.884994 0.000000
 1.690 -1.114111 4.123825 0.000000 0.884994 0.000000
 1.700 -1.114904 4.031644 0.000000 0.884994 0.000000
 1.710 -1.122944 3.985505 0.000000 0.884994 0.000000
 1.720 -1.127815 3.994620 0.000000 0.884994 0.000000
 1.730 -1.122071 4.040502 0.000000 0.884994 0.000000
 1.740 -1.110256 4.097015 0.000000 0.884994 0.000000
 1.750 -1.102709 4.145599 0.000000 0.884994 0.000000
 1.760 -1.103465 4.174785 0.000000 0.884994 0.000000
 1.770 -1.108095 4.175188 0.000000 0.884994 0.000000
 1.780 -1.111909 4.143206 0.000000 0.884994 0.000000
 1.790 -1.115748 4.088871 0.000000 0.884994 0.000000
 1.800 -1.122501 4.034664 0.000000 0.884994 0.000000
 1.810 -1.131059 4.003664 0.000000 0.884994 0.000000
 1.820 -1.136856 4.008021 0.000000 0.884994 0.000000
 1.830 -1.138187 4.046444 0.000000 0.884994 0.000000
 1.840 -1.139263 4.109045 0.000000 0.884994 0.000000
 1.850 -1.145047 4.182166 0.000000 0.884994 0.000000
 1.860 -1.153859 4.249373 0.000000 0.884994 0.000000
 1.870 -1.157430 4.292812 0.000000 0.884994 0.000000
 1.880 -1.149665 4.300334 0.000000 0.884994 0.000000
 1.890 -1.134834 4.273913 0.000000 0.884994 0.000000
 1.900 -1.125250 4.228307 0.000000 0.884994 0.000000
 1.910 -1.129274 4.179921 0.000000 0.884994 0.000000
 1.920 -1.141882 4.139638 0.000000 0.884994 0.000000
 1.930 -1.148773 4.115545 0.000000 0.884994 0.000000
 1.940 -1.140530 4.112982 0.000000 0.884994 0.000000
 1.950 -1.121706 4.124489 0.000000 0.884994 0.000000
 1.960 -1.105821 4.126532 0.000000 0.884994 0.000000
 1.970 -1.103453 4.098785 0.000000 0.884994 0.000000
 1.980 -1.115820 4.048094 0.000000 0.884994 0.000000
 1.990 -1.136315 4.005191 0.000000 0.884994 0.000000
 2.000 -1.154257 3.995107 0.000000 0.884994 0.000000
 2.010 -1.158818 4.014978 0.000000 0.884994 0.000000
 2.020 -1.145364 4.039488 0.000000 0.884994 0.000000
 2.030 -1.121193 4.041408 0.000000 0.884994 0.000000
 2.040 -1.102244 4.009145 0.000000 0.884994 0.000000
 2.050 -1.100084 3.956643 0.000000 0.884994 0.000000
 2.060 -1.111986 3.921275 0.000000 0.884994 0.000000
 2.070 -1.125831 3.940388 0.000000 0.884994 0.000000
 2.080 -1.134023 4.015177 0.000000 0.884994 0.000000
 2.090 -1.139449 4.098018 0.000000 0.884994 0.000000
 2.100 -1.147720 4.129097 0.000000 0.884994 0.000000
 2.110 -1.157648 4.093828 0.000000 0.884994 0.000000
 2.120 -1.161817 4.037381 0.000000 0.884994 0.000000
 2.130 -1.154321 4.013659 0.000000 0.884994 0.000000
 2.140 -1.135688 4.024998 0.000000 0.884994 0.000000
 2.150 -1.112108 4.024731 0.000000 0.884994 0.000000
 2.160 -1.092650 3.978609 0.000000 0.884994 0.000000
 2.170 -1.086053 3.908616 0.000000 0.884994 0.000000
 2.180 -1.096188 3.869561 0.000000 0.884994 0.000000
 2.190 -1.118717 3.894974 0.000000 0.884994 0.000000
 2.200 -1.143550 3.976203 0.000000 0.884994 0.000000
 2.210 -1.162042 4.081842 0.000000 0.884994 0.000000
 2.220 -1.171423 4.177350 0.000000 0.884994 0.000000
 2.230 -1.172281 4.228195 0.000000 0.884994 0.000000
 2.240 -1.164221 4.208908 0.000000 0.884994 0.000000
 2.250 -1.146750 4.127780 0.000000 0.884994 0.000000
 2.260 -1.123562 4.037767 0.000000 0.884994 0.000000
 2.270 -1.102249 4.005401 0.000000 0.884994 0.000000
 2.280 -1.088334 4.055703 0.000000 0.884994 0.000000
 2.290 -1.082300 4.145046 0.000000 0.884994 0.000000
 2.300 -1.083950 4.193721 0.000000 0.884994 0.000000
 2.310 -1.095646 4.153400 0.000000 0.884994 0.000000
 2.320 -1.116556 4.047704 0.000000 0.884994 0.000000
 2.330 -1.136017 3.948083 0.000000 0.884994 0.000000
 2.340 -1.139770 3.911099 0.000000 0.884994 0.000000
 2.350 -1.125290 3.938165 0.000000 0.884994 0.000000
 2.360 -1.106537 3.988306 0.000000 0.884994 0.000000
 2.370 -1.099754 4.020310 0.000000 0.884994 0.000000
 2.380 -1.106485 4.022576 0.000000 0.884994 0.000000
 2.390 -1.113912 4.012017 0.000000 0.884994 0.000000
 2.400 -1.111193 4.011700 0.000000 0.884994 0.000000
 2.410 -1.101982 4.029327 0.000000 0.884994 0.000000
 2.420 -1.099457 4.054593 0.000000 0.884994 0.000000
 2.430 -1.111272 4.074658 0.000000 0.884994 0.000000
 2.440 -1.131948 4.087488 0.000000 0.884994 0.000000
 2.450 -1.149519 4.097771 0.000000 0.884994 0.000000
 2.460 -1.157095 4.105882 0.000000 0.884994 0.000000
 2.470 -1.157202 4.109030 0.000000 0.884994 0.000000
 2.480 -1.156726 4.111540 0.000000 0.884994 0.000000
 2.490 -1.159111 4.124518 0.000000 0.884994 0.000000
 2.500 -1.161326 4.151558 0.000000 0.884994 0.000000
 2.510 -1.157953 4.180549 0.000000 0.884994 0.000000
 2.520 -1.147678 4.194125 0.000000 0.884994 0.000000
 2.530 -1.134736 4.183765 0.000000 0.884994 0.000000
 2.540 -1.124160 4.149173 0.000000 0.884994 0.000000
 2.550 -1.117526 4.092170 0.000000 0.884994 0.000000
 2.560 -1.113941 4.024707 0.000000 0.884994 0.000000
 2.570 -1.112833 3.979787 0.000000 0.884994 0.000000
 2.580 -1.114159 3.993657 0.000000 0.884994 0.000000
 2.590 -1.117781 4.064862 0.000000 0.884994 0.000000
 2.600 -1.124619 4.141305 0.000000 0.884994 0.000000
 2.610 -1.136671 4.162776 0.000000 0.884994 0.000000
 2.620 -1.153690 4.117449 0.000000 0.884994 0.000000
 2.630 -1.171362 4.050951 0.000000 0.884994 0.000000
 2.640 -1.185124 4.020747 0.000000 0.884994 0.000000
 2.650 -1.194073 4.046009 0.000000 0.884994 0.000000
 2.660 -1.198401 4.100160 0.000000 0.884994 0.000000
 2.670 -1.195350 4.142364 0.000000 0.884994 0.000000
 2.680 -1.182599 4.147784 0.000000 0.884994 0.000000
 2.690 -1.165193 4.113414 0.000000 0.884994 0.000000
 2.700 -1.153780 4.053558 0.000000 0.884994 0.000000
 2.710 -1.154112 3.998636 0.000000 0.884994 0.000000
 2.720 -1.161903 3.984105 0.000000 0.884994 0.000000
 2.730 -1.169680 4.022847 0.000000 0.884994 0.000000
 2.740 -1.174691 4.089506 0.000000 0.884994 0.000000
 2.750 -1.176971 4.142024 0.000000 0.884994 0.000000
 2.760 -1.173201 4.158201 0.000000 0.884994 0.000000
 2.770 -1.158534 4.145571 0.000000 0.884994 0.000000
 2.780 -1.135373 4.120402 0.000000 0.884994 0.000000
 2.790 -1.115867 4.089265 0.000000 0.884994 0.000000
 2.800 -1.112164 4.054342 0.000000 0.884994 0.000000
 2.810 -1.124645 4.025538 0.000000 0.884994 0.000000
 2.820 -1.141274 4.014459 0.000000 0.884994 0.000000
 2.830 -1.148216 4.018291 0.000000 0.884994 0.000000
 2.840 -1.140652 4.024391 0.000000 0.884994 0.000000
 2.850 -1.124985 4.035097 0.000000 0.884994 0.000000
 2.860 -1.112686 4.070332 0.000000 0.884994 0.000000
 2.870 -1.111402 4.131930 0.000000 0.884994 0.000000
 2.880 -1.119555 4.181565 0.000000 0.884994 0.000000
 2.890 -1.128520 4.178378 0.000000 0.884994 0.000000
 2.900 -1.130730 4.133535 0.000000 0.884994 0.000000
 2.910 -1.125853 4.102478 0.000000 0.884994 0.000000
 2.920 -1.118837 4.117331 0.000000 0.884994 0.000000
 2.930 -1.113223 4.144734 0.000000 0.884994 0.000000
 2.940 -1.108252 4.121631 0.000000 0.884994 0.000000
 2.950 -1.102104 4.025893 0.000000 0.884994 0.000000
 2.960 -1.095704 3.905152 0.000000 0.884994 0.000000
 2.970 -1.092084 3.839726 0.000000 0.884994 0.000000
 2.980 -1.092733 3.878549 0.000000 0.884994 0.000000
 2.990 -1.096215 4.002324 0.000000 0.884994 0.000000
 3.000 -1.101369 4.139749 0.000000 0.884994 0.000000
 3.010 -1.110323 4.220222 0.000000 0.884994 0.000000
 3.020 -1.124988 4.218863 0.000000 0.884994 0.000000
 3.030 -1.140229 4.160959 0.000000 0.884994 0.000000
 3.040 -1.145274 4.093457 0.000000 0.884994 0.000000
 3.050 -1.135879 4.054449 0.000000 0.884994 0.000000
 3.060 -1.122690 4.056316 0.000000 0.884994 0.000000
 3.070 -1.122639 4.080541 0.000000 0.884994 0.000000
 3.080 -1.141367 4.089034 0.000000 0.884994 0.000000
 3.090 -1.166861 4.057281 0.000000 0.884994 0.000000
 3.100 -1.181243 4.004894 0.000000 0.884994 0.000000
 3.110 -1.177205 3.983077 0.000000 0.884994 0.000000
 3.120 -1.162377 4.021645 0.000000 0.884994 0.000000
 3.130 -1.149472 4.094642 0.000000 0.884994 0.000000
 3.140 -1.144388 4.148054 0.000000 0.884994 0.000000
 3.150 -1.144264 4.156397 0.000000 0.884994 0.000000
 3.160 -1.144772 4.141291 0.000000 0.884994 0.000000
 3.170 -1.145687 4.137793 0.000000 0.884994 0.000000
 3.180 -1.148313 4.155400 0.000000 0.884994 0.000000
 3.190 -1.150808 4.175325 0.000000 0.884994 0.000000
 3.200 -1.149706 4.177891 0.000000 0.884994 0.000000
 3.210 -1.145317 4.165676 0.000000 0.884994 0.000000
 3.220 -1.142549 4.158702 0.000000 0.884994 0.000000
 3.230 -1.145864 4.169318 0.000000 0.884994 0.000000
 3.240 -1.154794 4.187222 0.000000 0.884994 0.000000
 3.250 -1.163889 4.193438 0.000000 0.884994 0.000000
 3.260 -1.165882 4.185390 0.000000 0.884994 0.000000
 3.270 -1.156619 4.180175 0.000000 0.884994 0.000000
 3.280 -1.139582 4.192161 0.000000 0.884994 0.000000
 3.290 -1.124925 4.214727 0.000000 0.884994 0.000000
 3.300 -1.121666 4.228522 0.000000 0.884994 0.000000
 3.310 -1.130547 4.223047 0.000000 0.884994 0.000000
 3.320 -1.145201 4.204097 0.000000 0.884994 0.000000
 3.330 -1.158869 4.181581 0.000000 0.884994 0.000000
 3.340 -1.168371 4.157630 0.000000 0.884994 0.000000
 3.350 -1.173136 4.131406 0.000000 0.884994 0.000000
 3.360 -1.173322 4.111509 0.000000 0.884994 0.000000
 3.370 -1.169328 4.113951 0.000000 0.884994 0.000000
 3.380 -1.161599 4.143066 0.000000 0.884994 0.000000
 3.390 -1.150144 4.179605 0.000000 0.884994 0.000000
 3.400 -1.134695 4.194194 0.000000 0.884994 0.000000
 3.410 -1.116388 4.172393 0.000000 0.884994 0.000000
 3.420 -1.100466 4.125597 0.000000 0.884994 0.000000
 3.430 -1.096645 4.081789 0.000000 0.884994 0.000000
 3.440 -1.113148 4.067346 0.000000 0.884994 0.000000
 3.450 -1.147065 4.089597 0.000000 0.884994 0.000000
 3.460 -1.181786 4.128279 0.000000 0.884994 0.000000
 3.470 -1.197957 4.147198 0.000000 0.884994 0.000000
 3.480 -1.189026 4.126017 0.000000 0.884994 0.000000
 3.490 -1.165189 4.086601 0.000000 0.884994 0.000000
 3.500 -1.141902 4.082469 0.000000 0.884994 0.000000
 3.510 -1.126708 4.152935 0.000000 0.884994 0.000000
 3.520 -1.118397 4.283411 0.000000 0.884994 0.000000
 3.530 -1.115719 4.411618 0.000000 0.884994 0.000000
 3.540 -1.121878 4.474790 0.000000 0.884994 0.000000
 3.550 -1.139403 4.454725 0.000000 0.884994 0.000000
 3.560 -1.163760 4.383895 0.000000 0.884994 0.000000
 3.570 -1.184510 4.314001 0.000000 0.884994 0.000000
 3.580 -1.192223 4.278217 0.000000 0.884994 0.000000
 3.590 -1.183931 4.276130 0.000000 0.884994 0.000000
 3.600 -1.164273 4.285590 0.000000 0.884994 0.000000
 3.610 -1.143471 4.284804 0.000000 0.884994 0.000000
 3.620 -1.132097 4.266155 0.000000 0.884994 0.000000
 3.630 -1.133649 4.235111 0.000000 0.884994 0.000000
 3.640 -1.141575 4.201223 0.000000 0.884994 0.000000
 3.650 -1.146012 4.172887 0.000000 0.884994 0.000000
 3.660 -1.143749 4.158857 0.000000 0.884994 0.000000
 3.670 -1.139364 4.167981 0.000000 0.884994 0.000000
 3.680 -1.136917 4.201441 0.000000 0.884994 0.000000
 3.690 -1.134150 4.246010 0.000000 0.884994 0.000000
 3.700 -1.126825 4.280284 0.000000 0.884994 0.000000
 3.710 -1.116477 4.290118 0.000000 0.884994 0.000000
 3.720 -1.110744 4.275837 0.000000 0.884994 0.000000
 3.730 -1.115684 4.243812 0.000000 0.884994 0.000000
 3.740 -1.129579 4.197239 0.000000 0.884994 0.000000
 3.750 -1.145383 4.141862 0.000000 0.884994 0.000000
 3.760 -1.158097 4.096564 0.000000 0.884994 0.000000
 3.770 -1.167744 4.085021 0.000000 0.884994 0.000000
 3.780 -1.174993 4.110367 0.000000 0.884994 0.000000
 3.790 -1.176623 4.144390 0.000000 0.884994 0.000000
 3.800 -1.168112 4.148613 0.000000 0.884994 0.000000
 3.810 -1.150334 4.105951 0.000000 0.884994 0.000000
 3.820 -1.130963 4.033374 0.000000 0.884994 0.000000
 3.830 -1.118078 3.970264 0.000000 0.884994 0.000000
 3.840 -1.113975 3.954142 0.000000 0.884994 0.000000
 3.850 -1.116262 3.996636 0.000000 0.884994 0.000000
 3.860 -1.122448 4.074739 0.000000 0.884994 0.000000
 3.870 -1.130073 4.147792 0.000000 0.884994 0.000000
 3.880 -1.133695 4.186468 0.000000 0.884994 0.000000
 3.890 -1.127602 4.183798 0.000000 0.884994 0.000000
 3.900 -1.114404 4.141211 0.000000 0.884994 0.000000
 3.910 -1.106680 4.058433 0.000000 0.884994 0.000000
 3.920 -1.114812 3.949321 0.000000 0.884994 0.000000
 3.930 -1.134277 3.859609 0.000000 0.884994 0.000000
 3.940 -1.149444 3.846092 0.000000 0.884994 0.000000
 3.950 -1.149828 3.925405 0.000000 0.884994 0.000000
 3.960 -1.138730 4.051055 0.000000 0.884994 0.000000
 3.970 -1.125951 4.151008 0.000000 0.884994 0.000000
 3.980 -1.116703 4.184359 0.000000 0.884994 0.000000
 3.990 -1.109832 4.157505 0.000000 0.884994 0.000000
 4.000 -1.104207 4.098262 0.000000 0.884994 0.000000
 4.010 -1.103921 4.031992 0.000000 0.884994 0.000000
 4.020 -1.116176 3.981196 0.000000 0.884994 0.000000
 4.030 -1.142901 3.969167 0.000000 0.884994 0.000000
 4.040 -1.173734 4.008393 0.000000 0.884994 0.000000
 4.050 -1.189704 4.083270 0.000000 0.884994 0.000000
 4.060 -1.177926 4.151329 0.000000 0.884994 0.000000
 4.070 -1.143923 4.171320 0.000000 0.884994 0.000000
 4.080 -1.107433 4.136214 0.000000 0.884994 0.000000
 4.090 -1.085327 4.077368 0.000000 0.884994 0.000000
 4.100 -1.080456 4.033689 0.000000 0.884994 0.000000
 4.110 -1.086826 4.019586 0.000000 0.884994 0.000000
 4.120 -1.100301 4.025364 0.000000 0.884994 0.000000
 4.130 -1.119583 4.040399 0.000000 0.884994 0.000000
 4.140 -1.138808 4.063031 0.000000 0.884994 0.000000
 4.150 -1.145930 4.088000 0.000000 0.884994 0.000000
 4.160 -1.132927 4.099647 0.000000 0.884994 0.000000
 4.170 -1.106796 4.089994 0.000000 0.884994 0.000000
 4.180 -1.086672 4.078159 0.000000 0.884994 0.000000
 4.190 -1.087130 4.095694 0.000000 0.884994 0.000000
 4.200 -1.104158 4.146339 0.000000 0.884994 0.000000
 4.210 -1.119409 4.192294 0.000000 0.884994 0.000000
 4.220 -1.119311 4.193813 0.000000 0.884994 0.000000
 4.230 -1.108682 4.157631 0.000000 0.884994 0.000000
 4.240 -1.104017 4.131363 0.000000 0.884994 0.000000
 4.250 -1.114587 4.148563 0.000000 0.884994 0.000000
 4.260 -1.132925 4.191765 0.000000 0.884994 0.000000
 4.270 -1.143770 4.215640 0.000000 0.884994 0.000000
 4.280 -1.138957 4.199099 0.000000 0.884994 0.000000
 4.290 -1.122326 4.166737 0.000000 0.884994 0.000000
 4.300 -1.103805 4.159437 0.000000 0.884994 0.000000
 4.310 -1.092185 4.188143 0.000000 0.884994 0.000000
 4.320 -1.091659 4.219194 0.000000 0.884994 0.000000
 4.330 -1.101036 4.205766 0.000000 0.884994 0.000000
 4.340 -1.115107 4.133510 0.000000 0.884994 0.000000
 4.350 -1.128173 4.035731 0.000000 0.884994 0.000000
 4.360 -1.137307 3.965986 0.000000 0.884994 0.000000
 4.370 -1.143061 3.957076 0.000000 0.884994 0.000000
 4.380 -1.148162 4.002898 0.000000 0.884994 0.000000
 4.390 -1.154811 4.072717 0.000000 0.884994 0.000000
 4.400 -1.160830 4.138079 0.000000 0.884994 0.000000
 4.410 -1.158656 4.186175 0.000000 0.884994 0.000000
 4.420 -1.141919 4.211933 0.000000 0.884994 0.000000
 4.430 -1.114771 4.206413 0.000000 0.884994 0.000000
 4.440 -1.091377 4.162926 0.000000 0.884994 0.000000
 4.450 -1.083023 4.095605 0.000000 0.884994 0.000000
 4.460 -1.087319 4.040890 0.000000 0.884994 0.000000
 4.470 -1.092802 4.029021 0.000000 0.884994 0.000000
 4.480 -1.093018 4.053977 0.000000 0.884994 0.000000
 4.490 -1.093110 4.079075 0.000000 0.884994 0.000000
 4.500 -1.102403 4.074403 0.000000 0.884994 0.000000
 4.510 -1.122585 4.044061 0.000000 0.884994 0.000000
 4.520 -1.143999 4.015939 0.000000 0.884994 0.000000
 4.530 -1.152645 4.012642 0.000000 0.884994 0.000000
 4.540 -1.140342 4.038090 0.000000 0.884994 0.000000
 4.550 -1.109611 4.085269 0.000000 0.884994 0.000000
 4.560 -1.071736 4.143933 0.000000 0.884994 0.000000
 4.570 -1.041780 4.198597 0.000000 0.884994 0.000000
 4.580 -1.032754 4.230276 0.000000 0.884994 0.000000
 4.590 -1.049470 4.228802 0.000000 0.884994 0.000000
 4.600 -1.085414 4.199804 0.000000 0.884994 0.000000
 4.610 -1.126320 4.155316 0.000000 0.884994 0.000000
 4.620 -1.157860 4.103598 0.000000 0.884994 0.000000
 4.630 -1.171689 4.053053 0.000000 0.884994 0.000000
 4.640 -1.167867 4.016484 0.000000 0.884994 0.000000
 4.650 -1.153891 4.000954 0.000000 0.884994 0.000000
 4.660 -1.139126 4.000261 0.000000 0.884994 0.000000
 4.670 -1.127188 4.007877 0.000000 0.884994 0.000000
 4.680 -1.114556 4.029343 0.000000 0.884994 0.000000
 4.690 -1.098367 4.068149 0.000000 0.884994 0.000000
 4.700 -1.083761 4.105771 0.000000 0.884994 0.000000
 4.710 -1.080485 4.113452 0.000000 0.884994 0.000000
 4.720 -1.092362 4.086214 0.000000 0.884994 0.000000
 4.730 -1.112391 4.054744 0.000000 0.884994 0.000000
 4.740 -1.128963 4.060054 0.000000 0.884994 0.000000
 4.750 -1.135733 4.116769 0.000000 0.884994 0.000000
 4.760 -1.134955 4.194614 0.000000 0.884994 0.000000
 4.770 -1.132388 4.234443 0.000000 0.884994 0.000000
 4.780 -1.130440 4.196891 0.000000 0.884994 0.000000
 4.790 -1.126917 4.104885 0.000000 0.884994 0.000000
 4.800 -1.119922 4.026866 0.000000 0.884994 0.000000
 4.810 -1.112227 4.007790 0.000000 0.884994 0.000000
 4.820 -1.109078 4.027269 0.000000 0.884994 0.000000
 4.830 -1.112269 4.036099 0.000000 0.884994 0.000000
 4.840 -1.118803 4.020552 0.000000 0.884994 0.000000
 4.850 -1.125531 4.012011 0.000000 0.884994 0.000000
 4.860 -1.131952 4.039006 0.000000 0.884994 0.000000
 4.870 -1.137107 4.090156 0.000000 0.884994 0.000000
 4.880 -1.137265 4.128390 0.000000 0.884994 0.000000
 4.890 -1.130223 4.128497 0.000000 0.884994 0.000000
 4.900 -1.120221 4.095944 0.000000 0.884994 0.000000
 4.910 -1.114658 4.058948 0.000000 0.884994 0.000000
 4.920 -1.115609 4.047760 0.000000 0.884994 0.000000
 4.930 -1.117290 4.074595 0.000000 0.884994 0.000000
 4.940 -1.112829 4.126930 0.000000 0.884994 0.000000
 4.950 -1.101891 4.181043 0.000000 0.884994 0.000000
 4.960 -1.091235 4.223232 0.000000 0.884994 0.000000
 4.970 -1.089130 4.257026 0.000000 0.884994 0.000000
 4.980 -1.098845 4.291458 0.000000 0.884994 0.000000
 4.990 -1.115250 4.324988 0.000000 0.884994 0.000000
 5.000 -1.127766 4.339688 0.000000 0.884994 0.000000
 5.010 -1.129315 4.311031 0.000000 0.884994 0.000000
 5.020 -1.123349 4.231079 0.000000 0.884994 0.000000
 5.030 -1.120259 4.129812 0.000000 0.884994 0.000000
 5.040 -1.125968 4.068317 0.000000 0.884994 0.000000
 5.050 -1.135251 4.095278 0.000000 0.884994 0.000000
 5.060 -1.137170 4.200293 0.000000 0.884994 0.000000
 5.070 -1.126622 4.313039 0.000000 0.884994 0.000000
 5.080 -1.109734 4.355814 0.000000 0.884994 0.000000
 5.090 -1.097491 4.301194 0.000000 0.884994 0.000000
 5.100 -1.094760 4.184415 0.000000 0.884994 0.000000
 5.110 -1.097420 4.071240 0.000000 0.884994 0.000000
 5.120 -1.100553 4.017559 0.000000 0.884994 0.000000
 5.130 -1.106159 4.043349 0.000000 0.884994 0.000000
 5.140 -1.119663 4.123458 0.000000 0.884994 0.000000
 5.150 -1.140462 4.201264 0.000000 0.884994 0.000000
 5.160 -1.159824 4.226302 0.000000 0.884994 0.000000
 5.170 -1.168506 4.188743 0.000000 0.884994 0.000000
 5.180 -1.164096 4.117820 0.000000 0.884994 0.000000
 5.190 -1.150812 4.050215 0.000000 0.884994 0.000000
 5.200 -1.134710 4.005786 0.000000 0.884994 0.000000
 5.210 -1.120327 3.988925 0.000000 0.884994 0.000000
 5.220 -1.110224 3.998318 0.000000 0.884994 0.000000
 5.230 -1.105414 4.027211 0.000000 0.884994 0.000000
 5.240 -1.105807 4.060370 0.000000 0.884994 0.000000
 5.250 -1.111262 4.080287 0.000000 0.884994 0.000000
 5.260 -1.122174 4.079643 0.000000 0.884994 0.000000
 5.270 -1.137809 4.067768 0.000000 0.884994 0.000000
 5.280 -1.154271 4.065397 0.000000 0.884994 0.000000
 5.290 -1.165891 4.090949 0.000000 0.884994 0.000000
 5.300 -1.169228 4.145621 0.000000 0.884994 0.000000
 5.310 -1.165259 4.206957 0.000000 0.884994 0.000000
 5.320 -1.158524 4.238891 0.000000 0.884994 0.000000
 5.330 -1.154404 4.215831 0.000000 0.884994 0.000000
 5.340 -1.154742 4.144714 0.000000 0.884994 0.000000
 5.350 -1.154670 4.066032 0.000000 0.884994 0.000000
 5.360 -1.146139 4.028694 0.000000 0.884994 0.000000
 5.370 -1.126581 4.055062 0.000000 0.884994 0.000000
 5.380 -1.102823 4.123811 0.000000 0.884994 0.000000
 5.390 -1.085664 4.186569 0.000000 0.884994 0.000000
 5.400 -1.081880 4.205329 0.000000 0.884994 0.000000
 5.410 -1.090844 4.177896 0.000000 0.884994 0.000000
 5.420 -1.105690 4.131671 0.000000 0.884994 0.000000
 5.430 -1.117049 4.098173 0.000000 0.884994 0.000000
 5.440 -1.118902 4.093860 0.000000 0.884994 0.000000
 5.450 -1.113274 4.116921 0.000000 0.884994 0.000000
 5.460 -1.108566 4.152755 0.000000 0.884994 0.000000
 5.470 -1.111944 4.181067 0.000000 0.884994 0.000000
 5.480 -1.122942 4.184339 0.000000 0.884994 0.000000
 5.490 -1.134304 4.158239 0.000000 0.884994 0.000000
 5.500 -1.138925 4.118664 0.000000 0.884994 0.000000
 5.510 -1.136138 4.094528 0.000000 0.884994 0.000000
 5.520 -1.131401 4.103583 0.000000 0.884994 0.000000
 5.530 -1.130156 4.131621 0.000000 0.884994 0.000000
 5.540 -1.132222 4.141761 0.000000 0.884994 0.000000
 5.550 -1.131633 4.108946 0.000000 0.884994 0.000000
 5.560 -1.121475 4.043005 0.000000 0.884994 0.000000
 5.570 -1.100480 3.977982 0.000000 0.884994 0.000000
 5.580 -1.077321 3.944112 0.000000 0.884994 0.000000
 5.590 -1.067789 3.950460 0.000000 0.884994 0.000000
 5.600 -1.083605 3.987915 0.000000 0.884994 0.000000
 5.610 -1.120840 4.043395 0.000000 0.884994 0.000000
 5.620 -1.159832 4.108033 0.000000 0.884994 0.000000
 5.630 -1.178734 4.168898 0.000000 0.884994 0.000000
 5.640 -1.169163 4.197291 0.000000 0.884994 0.000000
 5.650 -1.140993 4.159896 0.000000 0.884994 0.000000
 5.660 -1.113806 4.053342 0.000000 0.884994 0.000000
 5.670 -1.102748 3.925310 0.000000 0.884994 0.000000
 5.680 -1.109383 3.850166 0.000000 0.884994 0.000000
 5.690 -1.123535 3.873858 0.000000 0.884994 0.000000
 5.700 -1.132849 3.976832 0.000000 0.884994 0.000000
 5.710 -1.130822 4.088940 0.000000 0.884994 0.000000
 5.720 -1.118364 4.144372 0.000000 0.884994 0.000000
 5.730 -1.101790 4.129968 0.000000 0.884994 0.000000
 5.740 -1.090188 4.086432 0.000000 0.884994 0.000000
 5.750 -1.090764 4.065212 0.000000 0.884994 0.000000
 5.760 -1.102793 4.084017 0.000000 0.884994 0.000000
 5.770 -1.116592 4.119519 0.000000 0.884994 0.000000
 5.780 -1.121334 4.134408 0.000000 0.884994 0.000000
 5.790 -1.115241 4.107524 0.000000 0.884994 0.000000
 5.800 -1.107518 4.045031 0.000000 0.884994 0.000000
 5.810 -1.109764 3.973082 0.000000 0.884994 0.000000
 5.820 -1.125453 3.923094 0.000000 0.884994 0.000000
 5.830 -1.147011 3.919937 0.000000 0.884994 0.000000
 5.840 -1.162016 3.974180 0.000000 0.884994 0.000000
 5.850 -1.162486 4.070828 0.000000 0.884994 0.000000
 5.860 -1.149759 4.160700 0.000000 0.884994 0.000000
 5.870 -1.132051 4.181742 0.000000 0.884994 0.000000
 5.880 -1.118394 4.112914 0.000000 0.884994 0.000000
 5.890 -1.114471 4.006103 0.000000 0.884994 0.000000
 5.900 -1.121290 3.945766 0.000000 0.884994 0.000000
 5.910 -1.134493 3.970882 0.000000 0.884994 0.000000
 5.920 -1.145097 4.045365 0.000000 0.884994 0.000000
 5.930 -1.144424 4.104452 0.000000 0.884994 0.000000
 5.940 -1.131233 4.116861 0.000000 0.884994 0.000000
 5.950 -1.113936 4.098715 0.000000 0.884994 0.000000
 5.960 -1.104347 4.082030 0.000000 0.884994 0.000000
 5.970 -1.108285 4.081622 0.000000 0.884994 0.000000
 5.980 -1.121565 4.085853 0.000000 0.884994 0.000000
 5.990 -1.134131 4.068006 0.000000 0.884994 0.000000
 6.000 -1.137966 4.010307 0.000000 0.884994 0.000000
 6.010 -1.132268 3.929377 0.000000 0.884994 0.000000
 6.020 -1.122122 3.878211 0.000000 0.884994 0.000000
 6.030 -1.112951 3.908528 0.000000 0.884994 0.000000
 6.040 -1.107497 4.021316 0.000000 0.884994 0.000000
 6.050 -1.108091 4.160291 0.000000 0.884994 0.000000
 6.060 -1.118229 4.262127 0.000000 0.884994 0.000000
 6.070 -1.138114 4.307885 0.000000 0.884994 0.000000
 6.080 -1.159397 4.316819 0.000000 0.884994 0.000000
 6.090 -1.168493 4.301756 0.000000 0.884994 0.000000
 6.100 -1.157813 4.256295 0.000000 0.884994 0.000000
 6.110 -1.133487 4.188258 0.000000 0.884994 0.000000
 6.120 -1.110990 4.136394 0.000000 0.884994 0.000000
 6.130 -1.102802 4.133354 0.000000 0.884994 0.000000
 6.140 -1.110108 4.164849 0.000000 0.884994 0.000000
 6.150 -1.124958 4.182624 0.000000 0.884994 0.000000
 6.160 -1.138023 4.152351 0.000000 0.884994 0.000000
 6.170 -1.143896 4.079180 0.000000 0.884994 0.000000
 6.180 -1.142296 3.995224 0.000000 0.884994 0.000000
 6.190 -1.137394 3.935692 0.000000 0.884994 0.000000
 6.200 -1.134907 3.923605 0.000000 0.884994 0.000000
 6.210 -1.137164 3.961123 0.000000 0.884994 0.000000
 6.220 -1.141294 4.024849 0.000000 0.884994 0.000000
 6.230 -1.143502 4.073746 0.000000 0.884994 0.000000
 6.240 -1.143208 4.076426 0.000000 0.884994 0.000000
 6.250 -1.140852 4.041727 0.000000 0.884994 0.000000
 6.260 -1.134431 4.017812 0.000000 0.884994 0.000000
 6.270 -1.122785 4.048124 0.000000 0.884994 0.000000
 6.280 -1.111183 4.125546 0.000000 0.884994 0.000000
 6.290 -1.107922 4.198884 0.000000 0.884994 0.000000
 6.300 -1.113521 4.226135 0.000000 0.884994 0.000000
 6.310 -1.117982 4.209992 0.000000 0.884994 0.000000
 6.320 -1.112765 4.176270 0.000000 0.884994 0.000000
 6.330 -1.102639 4.132510 0.000000 0.884994 0.000000
 6.340 -1.100139 4.065073 0.000000 0.884994 0.000000
 6.350 -1.108640 3.972191 0.000000 0.884994 0.000000
