 0.000 -79.788008 235.422423 0.000000 0.190840 0.000000
 0.010 -79.586255 234.891956 0.000000 0.190840 0.000000
 0.020 -79.400719 234.413488 0.000000 0.190840 0.000000
 0.030 -79.286424 234.069172 0.000000 0.190840 0.000000
 0.040 -79.331883 233.950335 0.000000 0.190840 0.000000
 0.050 -79.603462 234.085730 0.000000 0.190840 0.000000
 0.060 -80.092952 234.383768 0.000000 0.190840 0.000000
 0.070 -80.708083 234.651235 0.000000 0.190840 0.000000
 0.080 -81.304173 234.688170 0.000000 0.190840 0.000000
 0.090 -81.729860 234.387835 0.000000 0.190840 0.000000
 0.100 -81.864457 233.767355 0.000000 0.190840 0.000000
 0.110 -81.642896 232.928419 0.000000 0.190840 0.000000
 0.120 -81.075311 232.006070 0.000000 0.190840 0.000000
 0.130 -80.258541 231.136145 0.000000 0.190840 0.000000
 0.140 -79.358391 230.420609 0.000000 0.190840 0.000000
 0.150 -78.548707 229.883859 0.000000 0.190840 0.000000
 0.160 -77.933372 229.457577 0.000000 0.190840 0.000000
 0.170 -77.504840 229.019623 0.000000 0.190840 0.000000
 0.180 -77.167795 228.457708 0.000000 0.190840 0.000000
 0.190 -76.804824 227.710303 0.000000 0.190840 0.000000
 0.200 -76.336868 226.768087 0.000000 0.190840 0.000000
 0.210 -75.746249 225.648677 0.000000 0.190840 0.000000
 0.220 -75.056820 224.364007 0.000000 0.190840 0.000000
 0.230 -74.288983 222.901198 0.000000 0.190840 0.000000
 0.240 -73.425399 221.237317 0.000000 0.190840 0.000000
 0.250 -72.419694 219.384016 0.000000 0.190840 0.000000
 0.260 -71.242741 217.412619 0.000000 0.190840 0.000000
 0.270 -69.920603 215.403627 0.000000 0.190840 0.000000
 0.280 -68.523224 213.341039 0.000000 0.190840 0.000000
 0.290 -67.111448 211.059101 0.000000 0.190840 0.000000
 0.300 -65.688967 208.320803 0.000000 0.190840 0.000000
 0.310 -64.197466 204.970972 0.000000 0.190840 0.000000
 0.320 -62.551269 201.020840 0.000000 0.190840 0.000000
 0.330 -60.673270 196.585288 0.000000 0.190840 0.000000
 0.340 -58.497678 191.728365 0.000000 0.190840 0.000000
 0.350 -55.946172 186.344336 0.000000 0.190840 0.000000
 0.360 -52.923877 180.173267 0.000000 0.190840 0.000000
 0.370 -49.371001 172.958604 0.000000 0.190840 0.000000
 0.380 -45.341955 164.646792 0.000000 0.190840 0.000000
 0.390 -41.032501 155.475853 0.000000 0.190840 0.000000
 0.400 -36.707006 145.873527 0.000000 0.190840 0.000000
 0.410 -32.573668 136.249972 0.000000 0.190840 0.000000
 0.420 -28.711771 126.861861 0.000000 0.190840 0.000000
 0.430 -25.103003 117.835562 0.000000 0.190840 0.000000
 0.440 -21.716445 109.268905 0.000000 0.190840 0.000000
 0.450 -18.559291 101.277490 0.000000 0.190840 0.000000
 0.460 -15.663512 93.953186 0.000000 0.190840 0.000000
 0.470 -13.052004 87.315971 0.000000 0.190840 0.000000
 0.480 -10.733180 81.334631 0.000000 0.190840 0.000000
 0.490 -8.719607 75.994283 0.000000 0.190840 0.000000
 0.500 -7.030832 71.326557 0.000000 0.190840 0.000000
 0.510 -5.665482 67.363825 0.000000 0.190840 0.000000
 0.520 -4.571296 64.071068 0.000000 0.190840 0.000000
 0.530 -3.644973 61.340401 0.000000 0.190840 0.000000
 0.540 -2.763938 59.077578 0.000000 0.190840 0.000000
 0.550 -1.834256 57.321149 0.000000 0.190840 0.000000
 0.560 -0.839360 56.281589 0.000000 0.190840 0.000000
 0.570 0.129842 56.240363 0.000000 0.190840 0.000000
 0.580 0.889958 57.426849 0.000000 0.190840 0.000000
 0.590 1.235699 60.144391 0.000000 0.190840 0.000000
 0.600 1.027637 65.283220 0.000000 0.190840 0.000000
 0.610 0.209094 74.883849 0.000000 0.190840 0.000000
 0.620 -1.317711 92.001860 0.000000 0.190840 0.000000
 0.630 -3.898134 119.390020 0.000000 0.190840 0.000000
 0.640 -8.196329 157.558783 0.000000 0.190840 0.000000
 0.650 -14.912096 203.716097 0.000000 0.190840 0.000000
 0.660 -24.192845 252.758197 0.000000 0.190840 0.000000
 0.670 -35.149107 299.892795 0.000000 0.190840 0.000000
 0.680 -45.953405 343.071668 0.000000 0.190840 0.000000
 0.690 -54.622684 383.515760 0.000000 0.190840 0.000000
 0.700 -60.045511 424.063106 0.000000 0.190840 0.000000
 0.710 -62.575020 466.620560 0.000000 0.190840 0.000000
 0.720 -63.755785 510.532675 0.000000 0.190840 0.000000
 0.730 -65.325237 552.844800 0.000000 0.190840 0.000000
 0.740 -68.161223 589.907891 0.000000 0.190840 0.000000
 0.750 -71.914090 618.918483 0.000000 0.190840 0.000000
 0.760 -75.511594 638.535555 0.000000 0.190840 0.000000
 0.770 -78.004779 648.814415 0.000000 0.190840 0.000000
 0.780 -79.044193 651.015105 0.000000 0.190840 0.000000
 0.790 -78.775836 647.334774 0.000000 0.190840 0.000000
 0.800 -77.503735 640.335870 0.000000 0.190840 0.000000
 0.810 -75.507496 632.233445 0.000000 0.190840 0.000000
 0.820 -73.063669 624.548626 0.000000 0.190840 0.000000
 0.830 -70.500759 618.299985 0.000000 0.190840 0.000000
 0.840 -68.184136 614.293443 0.000000 0.190840 0.000000
 0.850 -66.442955 613.005456 0.000000 0.190840 0.000000
 0.860 -65.460033 614.139860 0.000000 0.190840 0.000000
 0.870 -65.156356 616.437739 0.000000 0.190840 0.000000
 0.880 -65.171743 618.106595 0.000000 0.190840 0.000000
 0.890 -65.020677 617.578701 0.000000 0.190840 0.000000
 0.900 -64.334350 613.988295 0.000000 0.190840 0.000000
 0.910 -62.998676 607.079734 0.000000 0.190840 0.000000
 0.920 -61.110481 596.789496 0.000000 0.190840 0.000000
 0.930 -58.845078 582.950101 0.000000 0.190840 0.000000
 0.940 -56.360396 565.360582 0.000000 0.190840 0.000000
 0.950 -53.779891 544.113736 0.000000 0.190840 0.000000
 0.960 -51.222701 519.849541 0.000000 0.190840 0.000000
 0.970 -48.826594 493.695284 0.000000 0.190840 0.000000
 0.980 -46.730622 466.998045 0.000000 0.190840 0.000000
 0.990 -45.044024 441.193021 0.000000 0.190840 0.000000
 1.000 -43.868475 417.953800 0.000000 0.190840 0.000000
 1.010 -43.386520 399.308925 0.000000 0.190840 0.000000
 1.020 -43.922156 387.260239 0.000000 0.190840 0.000000
 1.030 -45.864052 382.906048 0.000000 0.190840 0.000000
 1.040 -49.460312 385.705887 0.000000 0.190840 0.000000
 1.050 -54.614231 393.554931 0.000000 0.190840 0.000000
 1.060 -60.812172 403.656947 0.000000 0.190840 0.000000
 1.070 -67.232988 413.554618 0.000000 0.190840 0.000000
 1.080 -73.011627 421.739510 0.000000 0.190840 0.000000
 1.090 -77.563930 427.769210 0.000000 0.190840 0.000000
 1.100 -80.809825 432.120500 0.000000 0.190840 0.000000
 1.110 -83.129534 435.923681 0.000000 0.190840 0.000000
 1.120 -85.040299 440.543687 0.000000 0.190840 0.000000
 1.130 -86.819459 446.960838 0.000000 0.190840 0.000000
 1.140 -88.386730 455.126312 0.000000 0.190840 0.000000
 1.150 -89.540640 463.818759 0.000000 0.190840 0.000000
 1.160 -90.287968 471.580760 0.000000 0.190840 0.000000
 1.170 -90.883959 478.525070 0.000000 0.190840 0.000000
 1.180 -91.496775 487.457596 0.000000 0.190840 0.000000
 1.190 -91.861740 502.445523 0.000000 0.190840 0.000000
 1.200 -91.399390 524.965951 0.000000 0.190840 0.000000
 1.210 -89.820385 550.756109 0.000000 0.190840 0.000000
 1.220 -87.637756 570.960330 0.000000 0.190840 0.000000
 1.230 -85.954054 577.624883 0.000000 0.190840 0.000000
 1.240 -85.573409 569.234733 0.000000 0.190840 0.000000
 1.250 -86.226401 551.576572 0.000000 0.190840 0.000000
 1.260 -86.649562 533.390603 0.000000 0.190840 0.000000
 1.270 -85.444982 520.714854 0.000000 0.190840 0.000000
 1.280 -81.949491 514.280153 0.000000 0.190840 0.000000
 1.290 -76.474117 511.045417 0.000000 0.190840 0.000000
 1.300 -69.956173 507.632262 0.000000 0.190840 0.000000
 1.310 -63.490468 502.770784 0.000000 0.190840 0.000000
 1.320 -58.046089 497.530167 0.000000 0.190840 0.000000
 1.330 -54.324435 493.999745 0.000000 0.190840 0.000000
 1.340 -52.622573 493.800749 0.000000 0.190840 0.000000
 1.350 -52.717797 497.396670 0.000000 0.190840 0.000000
 1.360 -53.896470 504.373998 0.000000 0.190840 0.000000
 1.370 -55.176370 514.229193 0.000000 0.190840 0.000000
 1.380 -55.628790 526.912159 0.000000 0.190840 0.000000
 1.390 -54.664845 542.563999 0.000000 0.190840 0.000000
 1.400 -52.224055 560.579865 0.000000 0.190840 0.000000
 1.410 -48.841407 578.881401 0.000000 0.190840 0.000000
 1.420 -45.509897 594.294660 0.000000 0.190840 0.000000
 1.430 -43.271492 603.985626 0.000000 0.190840 0.000000
 1.440 -42.678895 606.907634 0.000000 0.190840 0.000000
 1.450 -43.460800 604.214327 0.000000 0.190840 0.000000
 1.460 -44.626019 598.495550 0.000000 0.190840 0.000000
 1.470 -44.940034 592.483821 0.000000 0.190840 0.000000
 1.480 -43.500342 587.955082 0.000000 0.190840 0.000000
 1.490 -40.137801 585.226008 0.000000 0.190840 0.000000
 1.500 -35.484295 583.377729 0.000000 0.190840 0.000000
 1.510 -30.698944 581.087260 0.000000 0.190840 0.000000
 1.520 -27.000241 577.615248 0.000000 0.190840 0.000000
 1.530 -25.220058 573.336035 0.000000 0.190840 0.000000
 1.540 -25.529791 569.484613 0.000000 0.190840 0.000000
 1.550 -27.387776 567.338961 0.000000 0.190840 0.000000
 1.560 -29.727129 567.382855 0.000000 0.190840 0.000000
 1.570 -31.386156 568.922450 0.000000 0.190840 0.000000
 1.580 -31.654171 570.349976 0.000000 0.190840 0.000000
 1.590 -30.619516 569.956352 0.000000 0.190840 0.000000
 1.600 -29.020446 566.950627 0.000000 0.190840 0.000000
 1.610 -27.649392 562.198209 0.000000 0.190840 0.000000
 1.620 -26.778372 558.201025 0.000000 0.190840 0.000000
 1.630 -26.093980 558.068673 0.000000 0.190840 0.000000
 1.640 -25.152277 563.775631 0.000000 0.190840 0.000000
 1.650 -23.858041 574.724640 0.000000 0.190840 0.000000
 1.660 -22.492167 587.812455 0.000000 0.190840 0.000000
 1.670 -21.335906 599.198805 0.000000 0.190840 0.000000
 1.680 -20.372303 606.495955 0.000000 0.190840 0.000000
 1.690 -19.399901 609.701401 0.000000 0.190840 0.000000
 1.700 -18.374844 610.387947 0.000000 0.190840 0.000000
 1.710 -17.536680 610.153156 0.000000 0.190840 0.000000
 1.720 -17.159199 609.665205 0.000000 0.190840 0.000000
 1.730 -17.227635 608.792285 0.000000 0.190840 0.000000
 1.740 -17.429352 607.299181 0.000000 0.190840 0.000000
 1.750 -17.473678 605.299242 0.000000 0.190840 0.000000
 1.760 -17.373202 603.137526 0.000000 0.190840 0.000000
 1.770 -17.370794 601.048734 0.000000 0.190840 0.000000
 1.780 -17.616872 599.068170 0.000000 0.190840 0.000000
 1.790 -17.985022 597.209797 0.000000 0.190840 0.000000
 1.800 -18.227574 595.551558 0.000000 0.190840 0.000000
 1.810 -18.261069 594.102989 0.000000 0.190840 0.000000
 1.820 -18.240205 592.758309 0.000000 0.190840 0.000000
 1.830 -18.362314 591.528470 0.000000 0.190840 0.000000
 1.840 -18.667773 590.722152 0.000000 0.190840 0.000000
 1.850 -19.071998 590.668309 0.000000 0.190840 0.000000
 1.860 -19.550381 591.183645 0.000000 0.190840 0.000000
 1.870 -20.212916 591.430910 0.000000 0.190840 0.000000
 1.880 -21.174295 590.396335 0.000000 0.190840 0.000000
 1.890 -22.411839 587.480234 0.000000 0.190840 0.000000
 1.900 -23.827622 582.618635 0.000000 0.190840 0.000000
 1.910 -25.453041 575.965661 0.000000 0.190840 0.000000
 1.920 -27.508358 567.635452 0.000000 0.190840 0.000000
 1.930 -30.169288 557.814360 0.000000 0.190840 0.000000
 1.940 -33.258634 547.040441 0.000000 0.190840 0.000000
 1.950 -36.220331 536.229162 0.000000 0.190840 0.000000
 1.960 -38.448783 526.301457 0.000000 0.190840 0.000000
 1.970 -39.673496 517.704085 0.000000 0.190840 0.000000
 1.980 -40.076868 510.245848 0.000000 0.190840 0.000000
 1.990 -40.126469 503.389205 0.000000 0.190840 0.000000
 2.000 -40.330602 496.726373 0.000000 0.190840 0.000000
 2.010 -41.070529 490.218481 0.000000 0.190840 0.000000
 2.020 -42.515601 484.019094 0.000000 0.190840 0.000000
 2.030 -44.599438 478.108922 0.000000 0.190840 0.000000
 2.040 -47.070316 472.137122 0.000000 0.190840 0.000000
 2.050 -49.597522 465.620900 0.000000 0.190840 0.000000
 2.060 -51.863749 458.275597 0.000000 0.190840 0.000000
 2.070 -53.612935 450.163700 0.000000 0.190840 0.000000
 2.080 -54.704191 441.607046 0.000000 0.190840 0.000000
 2.090 -55.195784 433.022386 0.000000 0.190840 0.000000
 2.100 -55.364812 424.778463 0.000000 0.190840 0.000000
 2.110 -55.565580 417.047895 0.000000 0.190840 0.000000
 2.120 -56.010639 409.686608 0.000000 0.190840 0.000000
 2.130 -56.679448 402.272818 0.000000 0.190840 0.000000
 2.140 -57.419240 394.328904 0.000000 0.190840 0.000000
 2.150 -58.089017 385.550328 0.000000 0.190840 0.000000
 2.160 -58.604355 375.875123 0.000000 0.190840 0.000000
 2.170 -58.909471 365.424850 0.000000 0.190840 0.000000
 2.180 -58.965380 354.442781 0.000000 0.190840 0.000000
 2.190 -58.763457 343.263825 0.000000 0.190840 0.000000
 2.200 -58.327459 332.270887 0.000000 0.190840 0.000000
 2.210 -57.700996 321.824482 0.000000 0.190840 0.000000
 2.220 -56.930012 312.181888 0.000000 0.190840 0.000000
 2.230 -56.027953 303.402580 0.000000 0.190840 0.000000
 2.240 -54.935979 295.271284 0.000000 0.190840 0.000000
 2.250 -53.539734 287.346209 0.000000 0.190840 0.000000
 2.260 -51.765847 279.181436 0.000000 0.190840 0.000000
 2.270 -49.672639 270.574260 0.000000 0.190840 0.000000
 2.280 -47.434061 261.622535 0.000000 0.190840 0.000000
 2.290 -45.240305 252.580163 0.000000 0.190840 0.000000
 2.300 -43.230021 243.705272 0.000000 0.190840 0.000000
 2.310 -41.498253 235.228096 0.000000 0.190840 0.000000
 2.320 -40.112496 227.366172 0.000000 0.190840 0.000000
 2.330 -39.087682 220.290989 0.000000 0.190840 0.000000
 2.340 -38.367075 214.082011 0.000000 0.190840 0.000000
 2.350 -37.860659 208.736044 0.000000 0.190840 0.000000
 2.360 -37.504190 204.200008 0.000000 0.190840 0.000000
 2.370 -37.271902 200.369972 0.000000 0.190840 0.000000
 2.380 -37.148478 197.096475 0.000000 0.190840 0.000000
 2.390 -37.120041 194.260283 0.000000 0.190840 0.000000
 2.400 -37.198796 191.856079 0.000000 0.190840 0.000000
 2.410 -37.428866 189.949695 0.000000 0.190840 0.000000
 2.420 -37.836358 188.513425 0.000000 0.190840 0.000000
 2.430 -38.364847 187.316610 0.000000 0.190840 0.000000
 2.440 -38.870074 186.000980 0.000000 0.190840 0.000000
 2.450 -39.188917 184.266155 0.000000 0.190840 0.000000
 2.460 -39.221801 182.005210 0.000000 0.190840 0.000000
 2.470 -38.966681 179.330570 0.000000 0.190840 0.000000
 2.480 -38.504141 176.529986 0.000000 0.190840 0.000000
 2.490 -37.968043 173.982632 0.000000 0.190840 0.000000
 2.500 -37.511406 172.037385 0.000000 0.190840 0.000000
 2.510 -37.256924 170.891057 0.000000 0.190840 0.000000
 2.520 -37.253829 170.547656 0.000000 0.190840 0.000000
 2.530 -37.492343 170.902783 0.000000 0.190840 0.000000
 2.540 -37.980329 171.887505 0.000000 0.190840 0.000000
 2.550 -38.802622 173.534499 0.000000 0.190840 0.000000
 2.560 -40.079962 175.896680 0.000000 0.190840 0.000000
 2.570 -41.850695 178.904075 0.000000 0.190840 0.000000
 2.580 -43.994794 182.313729 0.000000 0.190840 0.000000
 2.590 -46.285268 185.809220 0.000000 0.190840 0.000000
 2.600 -48.523198 189.159820 0.000000 0.190840 0.000000
 2.610 -50.634588 192.308200 0.000000 0.190840 0.000000
 2.620 -52.654659 195.332556 0.000000 0.190840 0.000000
 2.630 -54.634167 198.334203 0.000000 0.190840 0.000000
 2.640 -56.563589 201.352526 0.000000 0.190840 0.000000
 2.650 -58.378266 204.369221 0.000000 0.190840 0.000000
 2.660 -60.022170 207.366645 0.000000 0.190840 0.000000
 2.670 -61.495087 210.353660 0.000000 0.190840 0.000000
 2.680 -62.837622 213.328223 0.000000 0.190840 0.000000
 2.690 -64.081432 216.234434 0.000000 0.190840 0.000000
 2.700 -65.223098 218.977015 0.000000 0.190840 0.000000
 2.710 -66.241464 221.482180 0.000000 0.190840 0.000000
 2.720 -67.127594 223.744977 0.000000 0.190840 0.000000
 2.730 -67.893048 225.830043 0.000000 0.190840 0.000000
 2.740 -68.557286 227.837993 0.000000 0.190840 0.000000
 2.750 -69.138610 229.855022 0.000000 0.190840 0.000000
 2.760 -69.660907 231.891815 0.000000 0.190840 0.000000
 2.770 -70.161954 233.837317 0.000000 0.190840 0.000000
 2.780 -70.682663 235.479950 0.000000 0.190840 0.000000
 2.790 -71.239041 236.616933 0.000000 0.190840 0.000000
 2.800 -71.803952 237.187476 0.000000 0.190840 0.000000
 2.810 -72.322715 237.324614 0.000000 0.190840 0.000000
 2.820 -72.754159 237.283999 0.000000 0.190840 0.000000
 2.830 -73.099652 237.312283 0.000000 0.190840 0.000000
 2.840 -73.388784 237.553490 0.000000 0.190840 0.000000
 2.850 -73.630825 238.036985 0.000000 0.190840 0.000000
 2.860 -73.780345 238.719542 0.000000 0.190840 0.000000
 2.870 -73.760626 239.534253 0.000000 0.190840 0.000000
 2.880 -73.532517 240.423080 0.000000 0.190840 0.000000
 2.890 -73.142221 241.348803 0.000000 0.190840 0.000000
 2.900 -72.695093 242.279442 0.000000 0.190840 0.000000
 2.910 -72.277987 243.146810 0.000000 0.190840 0.000000
 2.920 -71.907239 243.818958 0.000000 0.190840 0.000000
 2.930 -71.550181 244.142298 0.000000 0.190840 0.000000
 2.940 -71.188084 244.048389 0.000000 0.190840 0.000000
 2.950 -70.847849 243.633216 0.000000 0.190840 0.000000
 2.960 -70.572617 243.118537 0.000000 0.190840 0.000000
 2.970 -70.374670 242.714714 0.000000 0.190840 0.000000
 2.980 -70.230090 242.503403 0.000000 0.190840 0.000000
 2.990 -70.118295 242.434937 0.000000 0.190840 0.000000
 3.000 -70.054974 242.418573 0.000000 0.190840 0.000000
 3.010 -70.079409 242.403579 0.000000 0.190840 0.000000
 3.020 -70.213237 242.383116 0.000000 0.190840 0.000000
 3.030 -70.436687 242.344494 0.000000 0.190840 0.000000
 3.040 -70.703640 242.229983 0.000000 0.190840 0.000000
 3.050 -70.974591 241.938588 0.000000 0.190840 0.000000
 3.060 -71.231323 241.358647 0.000000 0.190840 0.000000
 3.070 -71.459087 240.413993 0.000000 0.190840 0.000000
 3.080 -71.616562 239.103393 0.000000 0.190840 0.000000
 3.090 -71.627103 237.496989 0.000000 0.190840 0.000000
 3.100 -71.407946 235.659442 0.000000 0.190840 0.000000
 3.110 -70.926752 233.525483 0.000000 0.190840 0.000000
 3.120 -70.247535 230.832947 0.000000 0.190840 0.000000
 3.130 -69.504624 227.234114 0.000000 0.190840 0.000000
 3.140 -68.773916 222.567594 0.000000 0.190840 0.000000
 3.150 -67.931934 217.058481 0.000000 0.190840 0.000000
 3.160 -66.678709 211.208612 0.000000 0.190840 0.000000
 3.170 -64.763027 205.448832 0.000000 0.190840 0.000000
 3.180 -62.192006 199.891692 0.000000 0.190840 0.000000
 3.190 -59.195671 194.382948 0.000000 0.190840 0.000000
 3.200 -56.018818 188.710876 0.000000 0.190840 0.000000
 3.210 -52.813649 182.742383 0.000000 0.190840 0.000000
 3.220 -49.720289 176.426113 0.000000 0.190840 0.000000
 3.230 -46.933347 169.725159 0.000000 0.190840 0.000000
 3.240 -44.579158 162.546052 0.000000 0.190840 0.000000
 3.250 -42.520661 154.777451 0.000000 0.190840 0.000000
 3.260 -40.361757 146.595694 0.000000 0.190840 0.000000
 3.270 -37.734700 138.972207 0.000000 0.190840 0.000000
 3.280 -34.637858 133.860540 0.000000 0.190840 0.000000
 3.290 -31.501539 133.429871 0.000000 0.190840 0.000000
 3.300 -28.901905 138.465742 0.000000 0.190840 0.000000
 3.310 -27.172010 147.178419 0.000000 0.190840 0.000000
 3.320 -26.237902 155.780556 0.000000 0.190840 0.000000
 3.330 -25.766342 160.740904 0.000000 0.190840 0.000000
 3.340 -25.423223 160.945260 0.000000 0.190840 0.000000
 3.350 -25.009127 158.016017 0.000000 0.190840 0.000000
 3.360 -24.438538 154.784348 0.000000 0.190840 0.000000
 3.370 -23.683529 153.418463 0.000000 0.190840 0.000000
 3.380 -22.761486 154.547723 0.000000 0.190840 0.000000
 3.390 -21.741220 157.534053 0.000000 0.190840 0.000000
 3.400 -20.727185 161.280782 0.000000 0.190840 0.000000
 3.410 -19.826414 165.029547 0.000000 0.190840 0.000000
 3.420 -19.122038 168.874244 0.000000 0.190840 0.000000
 3.430 -18.675771 173.814239 0.000000 0.190840 0.000000
 3.440 -18.569077 181.255273 0.000000 0.190840 0.000000
 3.450 -18.940863 192.160192 0.000000 0.190840 0.000000
 3.460 -19.941210 206.389960 0.000000 0.190840 0.000000
 3.470 -21.599767 222.757938 0.000000 0.190840 0.000000
 3.480 -23.744429 239.786645 0.000000 0.190840 0.000000
 3.490 -26.097243 256.540867 0.000000 0.190840 0.000000
 3.500 -28.483204 272.884334 0.000000 0.190840 0.000000
 3.510 -30.943366 289.113887 0.000000 0.190840 0.000000
 3.520 -33.635419 305.456959 0.000000 0.190840 0.000000
 3.530 -36.625160 321.849531 0.000000 0.190840 0.000000
 3.540 -39.770851 338.011773 0.000000 0.190840 0.000000
 3.550 -42.791974 353.625100 0.000000 0.190840 0.000000
 3.560 -45.434787 368.468938 0.000000 0.190840 0.000000
 3.570 -47.581633 382.473444 0.000000 0.190840 0.000000
 3.580 -49.237634 395.684363 0.000000 0.190840 0.000000
 3.590 -50.452697 408.169447 0.000000 0.190840 0.000000
 3.600 -51.273703 419.932379 0.000000 0.190840 0.000000
 3.610 -51.758747 430.887045 0.000000 0.190840 0.000000
 3.620 -52.007184 440.884236 0.000000 0.190840 0.000000
 3.630 -52.146847 449.750566 0.000000 0.190840 0.000000
 3.640 -52.277857 457.323845 0.000000 0.190840 0.000000
 3.650 -52.432557 463.490624 0.000000 0.190840 0.000000
 3.660 -52.602035 468.223213 0.000000 0.190840 0.000000
 3.670 -52.805576 471.615130 0.000000 0.190840 0.000000
 3.680 -53.123534 473.916812 0.000000 0.190840 0.000000
 3.690 -53.648042 475.537592 0.000000 0.190840 0.000000
 3.700 -54.398233 476.960589 0.000000 0.190840 0.000000
 3.710 -55.287376 478.590841 0.000000 0.190840 0.000000
 3.720 -56.168619 480.653803 0.000000 0.190840 0.000000
 3.730 -56.904946 483.238684 0.000000 0.190840 0.000000
 3.740 -57.406025 486.435380 0.000000 0.190840 0.000000
 3.750 -57.631458 490.398764 0.000000 0.190840 0.000000
 3.760 -57.589492 495.227629 0.000000 0.190840 0.000000
 3.770 -57.338994 500.737932 0.000000 0.190840 0.000000
 3.780 -56.980166 506.353065 0.000000 0.190840 0.000000
 3.790 -56.628851 511.259945 0.000000 0.190840 0.000000
 3.800 -56.390913 514.743586 0.000000 0.190840 0.000000
 3.810 -56.356815 516.463116 0.000000 0.190840 0.000000
 3.820 -56.616433 516.523271 0.000000 0.190840 0.000000
 3.830 -57.265912 515.389260 0.000000 0.190840 0.000000
 3.840 -58.367781 513.748693 0.000000 0.190840 0.000000
 3.850 -59.860121 512.330820 0.000000 0.190840 0.000000
 3.860 -61.483059 511.654782 0.000000 0.190840 0.000000
 3.870 -62.820570 511.775760 0.000000 0.190841 0.000000
 3.880 -63.462852 512.171807 0.000000 0.190841 0.000000
 3.890 -63.154558 511.838213 0.000000 0.190842 0.000000
 3.900 -61.803753 509.524193 0.000000 0.190842 0.000000
 3.910 -59.421198 504.011133 0.000000 0.190842 0.000000
 3.920 -56.184152 494.408295 0.000000 0.190841 0.000000
 3.930 -52.638280 480.518640 0.000000 0.190838 0.000000
 3.940 -49.735533 463.263401 0.000000 0.190833 0.000000
 3.950 -48.405781 444.911796 0.000000 0.190827 0.000000
 3.960 -48.827829 428.663511 0.000000 0.190821 0.000000
 3.970 -50.041484 417.376965 0.000000 0.190816 0.000000
 3.980 -50.409779 412.012085 0.000000 0.190818 0.000000
 3.990 -48.693928 411.019270 0.000000 0.190832 0.000000
 4.000 -44.868637 411.524095 0.000000 0.190862 0.000000
 4.010 -39.975950 411.679005 0.000000 0.190913 0.000000
 4.020 -35.172721 412.303610 0.000000 0.190983 0.000000
 4.030 -30.836322 416.367256 0.000000 0.191060 0.000000
 4.040 -26.472708 426.748640 0.000000 0.191124 0.000000
 4.050 -21.383265 444.160726 0.000000 0.191140 0.000000
 4.060 -15.393050 466.764264 0.000000 0.191065 0.000000
 4.070 -9.004540 491.422463 0.000000 0.190852 0.000000
 4.080 -2.946198 515.409788 0.000000 0.190459 0.000000
 4.090 2.388363 537.438367 0.000000 0.189863 0.000000
 4.100 7.103772 557.611250 0.000000 0.189065 0.000000
 4.110 11.501528 576.625003 0.000000 0.188100 0.000000
 4.120 15.683635 594.898194 0.000000 0.187029 0.000000
 4.130 19.444559 612.195279 0.000000 0.185934 0.000000
 4.140 22.477332 627.820509 0.000000 0.184905 0.000000
 4.150 24.637877 640.998924 0.000000 0.184025 0.000000
 4.160 26.056347 651.081552 0.000000 0.183363 0.000000
 4.170 27.063056 657.582870 0.000000 0.182971 0.000000
 4.180 27.988622 660.256140 0.000000 0.182885 0.000000
 4.190 28.939900 659.243596 0.000000 0.183124 0.000000
 4.200 29.692039 655.120273 0.000000 0.183694 0.000000
 4.210 29.778076 648.694546 0.000000 0.184579 0.000000
 4.220 28.706805 640.674533 0.000000 0.185746 0.000000
 4.230 26.175394 631.469052 0.000000 0.187128 0.000000
 4.240 22.221027 621.285812 0.000000 0.188638 0.000000
 4.250 17.307486 610.432497 0.000000 0.190167 0.000000
 4.260 12.274557 599.580408 0.000000 0.191603 0.000000
 4.270 8.050118 589.805567 0.000000 0.192850 0.000000
 4.280 5.192971 582.364565 0.000000 0.193841 0.000000
 4.290 3.563774 578.312442 0.000000 0.194551 0.000000
 4.300 2.414551 578.198583 0.000000 0.194993 0.000000
 4.310 0.872351 582.055516 0.000000 0.195209 0.000000
 4.320 -1.544772 589.644081 0.000000 0.195261 0.000000
 4.330 -4.759787 600.646073 0.000000 0.195212 0.000000
 4.340 -8.378078 614.518981 0.000000 0.195116 0.000000
 4.350 -12.059725 630.058074 0.000000 0.195014 0.000000
 4.360 -15.695033 645.024534 0.000000 0.194928 0.000000
 4.370 -19.309649 656.232768 0.000000 0.194869 0.000000
 4.380 -22.915436 660.270876 0.000000 0.194836 0.000000
 4.390 -26.544088 654.667321 0.000000 0.194824 0.000000
 4.400 -30.401707 638.915954 0.000000 0.194825 0.000000
 4.410 -34.803572 614.643831 0.000000 0.194832 0.000000
 4.420 -39.729737 584.708328 0.000000 0.194841 0.000000
 4.430 -44.415690 551.875669 0.000000 0.194849 0.000000
 4.440 -47.632088 518.071099 0.000000 0.194854 0.000000
 4.450 -48.678944 484.552674 0.000000 0.194857 0.000000
 4.460 -48.209823 452.448963 0.000000 0.194858 0.000000
 4.470 -47.989012 422.998667 0.000000 0.194858 0.000000
 4.480 -49.712675 397.617504 0.000000 0.194857 0.000000
 4.490 -53.874975 378.399353 0.000000 0.194856 0.000000
 4.500 -59.442006 368.805444 0.000000 0.194856 0.000000
 4.510 -64.375567 372.999016 0.000000 0.194855 0.000000
 4.520 -66.688238 392.834031 0.000000 0.194855 0.000000
 4.530 -65.600324 424.359680 0.000000 0.194855 0.000000
 4.540 -62.149941 457.643711 0.000000 0.194855 0.000000
 4.550 -58.684696 481.430423 0.000000 0.194855 0.000000
 4.560 -57.437353 489.389545 0.000000 0.194855 0.000000
 4.570 -59.209802 482.965033 0.000000 0.194855 0.000000
 4.580 -63.113997 469.145478 0.000000 0.194855 0.000000
 4.590 -67.429171 455.797973 0.000000 0.194855 0.000000
 4.600 -70.839670 448.113877 0.000000 0.194855 0.000000
 4.610 -73.191512 447.658415 0.000000 0.194855 0.000000
 4.620 -75.326559 453.562199 0.000000 0.194855 0.000000
 4.630 -78.169416 464.614736 0.000000 0.194855 0.000000
 4.640 -81.752386 480.673909 0.000000 0.194855 0.000000
 4.650 -84.952737 502.117837 0.000000 0.194855 0.000000
 4.660 -86.198798 527.772269 0.000000 0.194855 0.000000
 4.670 -84.591821 553.573781 0.000000 0.194855 0.000000
 4.680 -80.519970 573.795109 0.000000 0.194855 0.000000
 4.690 -75.304975 584.078888 0.000000 0.194855 0.000000
 4.700 -70.263748 583.701596 0.000000 0.194855 0.000000
 4.710 -65.969759 575.336564 0.000000 0.194855 0.000000
 4.720 -62.180707 562.866995 0.000000 0.194855 0.000000
 4.730 -58.296698 549.152937 0.000000 0.194855 0.000000
 4.740 -53.892167 535.240591 0.000000 0.194855 0.000000
 4.750 -48.975915 521.156712 0.000000 0.194855 0.000000
 4.760 -43.927007 507.327106 0.000000 0.194855 0.000000
 4.770 -39.244222 495.424325 0.000000 0.194855 0.000000
 4.780 -35.269030 488.037123 0.000000 0.194855 0.000000
 4.790 -32.003212 487.419143 0.000000 0.194855 0.000000
 4.800 -29.116377 494.112104 0.000000 0.194855 0.000000
 4.810 -26.174457 506.250299 0.000000 0.194855 0.000000
 4.820 -22.967809 520.017881 0.000000 0.194855 0.000000
 4.830 -19.692278 531.204411 0.000000 0.194855 0.000000
 4.840 -16.825168 537.165795 0.000000 0.194855 0.000000
 4.850 -14.805671 538.074503 0.000000 0.194855 0.000000
 4.860 -13.789867 536.621457 0.000000 0.194855 0.000000
 4.870 -13.636181 536.306818 0.000000 0.194855 0.000000
 4.880 -14.061207 539.392795 0.000000 0.194855 0.000000
 4.890 -14.822880 545.742130 0.000000 0.194855 0.000000
 4.900 -15.825530 553.137250 0.000000 0.194855 0.000000
 4.910 -17.081660 558.807592 0.000000 0.194855 0.000000
 4.920 -18.539741 561.191528 0.000000 0.194855 0.000000
 4.930 -19.941805 560.706103 0.000000 0.194855 0.000000
 4.940 -20.926296 558.912917 0.000000 0.194855 0.000000
 4.950 -21.346868 556.870060 0.000000 0.194855 0.000000
 4.960 -21.455506 554.365510 0.000000 0.194855 0.000000
 4.970 -21.666915 550.822198 0.000000 0.194855 0.000000
 4.980 -22.112344 546.683852 0.000000 0.194855 0.000000
 4.990 -22.509639 543.451752 0.000000 0.194855 0.000000
 5.000 -22.544194 542.243159 0.000000 0.194855 0.000000
 5.010 -22.322762 542.733654 0.000000 0.194855 0.000000
 5.020 -22.325826 544.016089 0.000000 0.194855 0.000000
 5.030 -22.853985 546.508938 0.000000 0.194855 0.000000
 5.040 -23.569180 552.510189 0.000000 0.194855 0.000000
 5.050 -23.659392 564.343703 0.000000 0.194855 0.000000
 5.060 -22.498783 581.815034 0.000000 0.194855 0.000000
 5.070 -20.175386 601.602020 0.000000 0.194855 0.000000
 5.080 -17.430187 619.195176 0.000000 0.194855 0.000000
 5.090 -15.146737 631.508136 0.000000 0.194855 0.000000
 5.100 -13.888858 638.050058 0.000000 0.194855 0.000000
 5.110 -13.795028 640.375721 0.000000 0.194855 0.000000
 5.120 -14.722790 640.980822 0.000000 0.194855 0.000000
 5.130 -16.380933 642.484534 0.000000 0.194855 0.000000
 5.140 -18.365619 646.875038 0.000000 0.194855 0.000000
 5.150 -20.207438 654.510096 0.000000 0.194855 0.000000
 5.160 -21.507964 663.485539 0.000000 0.194855 0.000000
 5.170 -22.101993 670.329814 0.000000 0.194855 0.000000
 5.180 -22.122925 671.929997 0.000000 0.194855 0.000000
 5.190 -21.906728 667.305187 0.000000 0.194855 0.000000
 5.200 -21.775801 657.879784 0.000000 0.194855 0.000000
 5.210 -21.839721 646.237798 0.000000 0.194855 0.000000
 5.220 -21.961838 634.528942 0.000000 0.194855 0.000000
 5.230 -21.920412 623.677147 0.000000 0.194855 0.000000
 5.240 -21.631392 613.618986 0.000000 0.194855 0.000000
 5.250 -21.252185 604.013540 0.000000 0.194855 0.000000
 5.260 -21.081382 594.774972 0.000000 0.194855 0.000000
 5.270 -21.320566 586.139250 0.000000 0.194855 0.000000
 5.280 -21.883268 578.351531 0.000000 0.194855 0.000000
 5.290 -22.431395 571.278824 0.000000 0.194855 0.000000
 5.300 -22.629121 564.272137 0.000000 0.194855 0.000000
 5.310 -22.372476 556.389344 0.000000 0.194855 0.000000
 5.320 -21.775068 546.789347 0.000000 0.194855 0.000000
 5.330 -21.000753 535.025680 0.000000 0.194855 0.000000
 5.340 -20.237136 521.169035 0.000000 0.194855 0.000000
 5.350 -19.866914 505.834548 0.000000 0.194855 0.000000
 5.360 -20.495949 490.044094 0.000000 0.194855 0.000000
 5.370 -22.553028 474.736624 0.000000 0.194855 0.000000
 5.380 -25.753238 460.062833 0.000000 0.194855 0.000000
 5.390 -29.081737 445.082907 0.000000 0.194855 0.000000
 5.400 -31.502078 428.385615 0.000000 0.194855 0.000000
 5.410 -32.768423 409.334754 0.000000 0.194855 0.000000
 5.420 -33.544742 388.945633 0.000000 0.194855 0.000000
 5.430 -34.763696 369.616867 0.000000 0.194855 0.000000
 5.440 -36.924102 353.914504 0.000000 0.194855 0.000000
 5.450 -39.954137 343.358647 0.000000 0.194855 0.000000
 5.460 -43.552877 338.016889 0.000000 0.194855 0.000000
 5.470 -47.479938 336.940858 0.000000 0.194855 0.000000
 5.480 -51.527335 338.890777 0.000000 0.194855 0.000000
 5.490 -55.387930 342.802812 0.000000 0.194855 0.000000
 5.500 -58.691369 347.838030 0.000000 0.194855 0.000000
 5.510 -61.166437 353.198567 0.000000 0.194855 0.000000
 5.520 -62.730934 358.014912 0.000000 0.194855 0.000000
 5.530 -63.466299 361.480503 0.000000 0.194855 0.000000
 5.540 -63.567963 363.121927 0.000000 0.194855 0.000000
 5.550 -63.288693 362.909442 0.000000 0.194855 0.000000
 5.560 -62.837032 361.071515 0.000000 0.194855 0.000000
 5.570 -62.294582 357.807183 0.000000 0.194855 0.000000
 5.580 -61.658867 353.169866 0.000000 0.194855 0.000000
 5.590 -60.968076 347.156239 0.000000 0.194855 0.000000
 5.600 -60.343619 339.830970 0.000000 0.194855 0.000000
 5.610 -59.893087 331.372930 0.000000 0.194855 0.000000
 5.620 -59.589916 322.063777 0.000000 0.194855 0.000000
 5.630 -59.251373 312.247320 0.000000 0.194855 0.000000
 5.640 -58.616590 302.229077 0.000000 0.194855 0.000000
 5.650 -57.462224 292.119955 0.000000 0.194855 0.000000
 5.660 -55.706793 281.746640 0.000000 0.194855 0.000000
 5.670 -53.459187 270.781518 0.000000 0.194855 0.000000
 5.680 -50.971572 259.070947 0.000000 0.194855 0.000000
 5.690 -48.518615 246.902045 0.000000 0.194855 0.000000
 5.700 -46.290515 234.945507 0.000000 0.194855 0.000000
 5.710 -44.363999 223.911841 0.000000 0.194855 0.000000
 5.720 -42.734014 214.227277 0.000000 0.194855 0.000000
 5.730 -41.354614 205.963923 0.000000 0.194855 0.000000
 5.740 -40.168215 198.982761 0.000000 0.194855 0.000000
 5.750 -39.130345 193.113372 0.000000 0.194855 0.000000
 5.760 -38.229188 188.268747 0.000000 0.194855 0.000000
 5.770 -37.485501 184.478411 0.000000 0.194855 0.000000
 5.780 -36.927474 181.828000 0.000000 0.194855 0.000000
 5.790 -36.558509 180.323084 0.000000 0.194855 0.000000
 5.800 -36.346493 179.781544 0.000000 0.194855 0.000000
 5.810 -36.246716 179.867400 0.000000 0.194855 0.000000
 5.820 -36.243511 180.252179 0.000000 0.194855 0.000000
 5.830 -36.384289 180.773380 0.000000 0.194855 0.000000
 5.840 -36.783467 181.477209 0.000000 0.194855 0.000000
 5.850 -37.579646 182.523111 0.000000 0.194855 0.000000
 5.860 -38.850147 184.001735 0.000000 0.194855 0.000000
 5.870 -40.533307 185.786126 0.000000 0.194855 0.000000
 5.880 -42.434236 187.570672 0.000000 0.194855 0.000000
 5.890 -44.333104 189.136236 0.000000 0.194855 0.000000
 5.900 -46.111397 190.638057 0.000000 0.194855 0.000000
 5.910 -47.784709 192.612391 0.000000 0.194855 0.000000
 5.920 -49.430462 195.626011 0.000000 0.194855 0.000000
 5.930 -51.106852 199.847535 0.000000 0.194855 0.000000
 5.940 -52.836616 204.909088 0.000000 0.194855 0.000000
 5.950 -54.621074 210.148474 0.000000 0.194855 0.000000
 5.960 -56.424017 214.987764 0.000000 0.194855 0.000000
 5.970 -58.152112 219.152492 0.000000 0.194855 0.000000
 5.980 -59.701841 222.646801 0.000000 0.194855 0.000000
 5.990 -61.052073 225.595155 0.000000 0.194855 0.000000
 6.000 -62.288334 228.086370 0.000000 0.194855 0.000000
 6.010 -63.506220 230.095124 0.000000 0.194855 0.000000
 6.020 -64.690764 231.511272 0.000000 0.194855 0.000000
 6.030 -65.704414 232.257350 0.000000 0.194855 0.000000
 6.040 -66.391697 232.396364 0.000000 0.194855 0.000000
 6.050 -66.691842 232.108259 0.000000 0.194855 0.000000
 6.060 -66.678677 231.533296 0.000000 0.194855 0.000000
 6.070 -66.541716 230.663418 0.000000 0.194855 0.000000
 6.080 -66.532534 229.468527 0.000000 0.194855 0.000000
 6.090 -66.850357 228.163701 0.000000 0.194855 0.000000
 6.100 -67.483185 227.248034 0.000000 0.194855 0.000000
 6.110 -68.139420 227.112143 0.000000 0.194855 0.000000
 6.120 -68.381860 227.537258 0.000000 0.194855 0.000000
 6.130 -67.871412 227.632031 0.000000 0.194855 0.000000
 6.140 -66.522827 226.325798 0.000000 0.194855 0.000000
 6.150 -64.516989 222.983043 0.000000 0.194855 0.000000
 6.160 -62.248717 217.677517 0.000000 0.194855 0.000000
 6.170 -60.219797 211.060955 0.000000 0.194855 0.000000
 6.180 -58.826483 204.026111 0.000000 0.194855 0.000000
 6.190 -58.124032 197.325777 0.000000 0.194855 0.000000
 6.200 -57.761457 191.235191 0.000000 0.194855 0.000000
 6.210 -57.152053 185.382928 0.000000 0.194855 0.000000
 6.220 -55.753925 178.870423 0.000000 0.194855 0.000000
 6.230 -53.311337 170.671714 0.000000 0.194855 0.000000
 6.240 -49.974388 160.259573 0.000000 0.194855 0.000000
 6.250 -46.228806 148.496063 0.000000 0.194855 0.000000
 6.260 -42.619492 138.551715 0.000000 0.194855 0.000000
 6.270 -39.434438 135.722688 0.000000 0.194855 0.000000
 6.280 -36.631807 144.772402 0.000000 0.194855 0.000000
 6.290 -34.088107 165.557049 0.000000 0.194855 0.000000
 6.300 -31.871582 190.872672 0.000000 0.194855 0.000000
 6.310 -30.185386 210.057235 0.000000 0.194855 0.000000
 6.320 -29.038171 216.279095 0.000000 0.194855 0.000000
 6.330 -28.087312 210.630093 0.000000 0.194855 0.000000
 6.340 -26.917238 199.040349 0.000000 0.194855 0.000000
 6.350 -25.453247 186.099589 0.000000 0.194855 0.000000
