 0.000 0.21137
 0.010 0.22864
 0.020 0.24851
 0.030 0.27111
 0.040 0.29653
 0.050 0.32489
 0.060 0.35623
 0.070 0.39055
 0.080 0.42778
 0.090 0.46775
 0.100 0.51023
 0.110 0.55486
 0.120 0.60121
 0.130 0.64873
 0.140 0.69679
 0.150 0.74467
 0.160 0.79159
 0.170 0.83675
 0.180 0.87938
 0.190 0.91880
 0.200 0.95440
 0.210 0.98568
 0.220 1.01228
 0.230 1.03393
 0.240 1.05048
 0.250 1.06187
 0.260 1.06814
 0.270 1.06940
 0.280 1.06580
 0.290 1.05752
 0.300 1.04474
 0.310 1.02763
 0.320 1.00637
 0.330 0.98112
 0.340 0.95205
 0.350 0.91937
 0.360 0.88332
 0.370 0.84421
 0.380 0.80244
 0.390 0.75851
 0.400 0.71304
 0.410 0.66672
 0.420 0.62035
 0.430 0.57480
 0.440 0.53094
 0.450 0.48960
 0.460 0.45157
 0.470 0.41753
 0.480 0.38801
 0.490 0.36334
 0.500 0.34370
 0.510 0.32905
 0.520 0.31918
 0.530 0.31373
 0.540 0.31220
 0.550 0.31398
 0.560 0.31843
 0.570 0.32488
 0.580 0.33269
 0.590 0.34121
 0.600 0.34981
 0.610 0.35795
 0.620 0.36516
 0.630 0.37109
 0.640 0.37553
 0.650 0.37833
 0.660 0.37948
 0.670 0.37900
 0.680 0.37696
 0.690 0.37350
 0.700 0.36873
 0.710 0.36277
 0.720 0.35574
 0.730 0.34771
 0.740 0.33873
 0.750 0.32884
 0.760 0.31808
 0.770 0.30649
 0.780 0.29413
 0.790 0.28110
 0.800 0.26751
 0.810 0.25350
 0.820 0.23921
 0.830 0.22481
 0.840 0.21043
 0.850 0.19625
 0.860 0.18242
 0.870 0.16910
 0.880 0.15649
 0.890 0.14476
 0.900 0.13410
 0.910 0.12470
 0.920 0.11679
 0.930 0.11057
 0.940 0.10629
 0.950 0.10415
 0.960 0.10436
 0.970 0.10707
 0.980 0.11238
 0.990 0.12033
 1.000 0.13090
 1.010 0.14399
 1.020 0.15945
 1.030 0.17709
 1.040 0.19667
 1.050 0.21791
 1.060 0.24051
