 0.000 0.16255
 0.010 0.16244
 0.020 0.16234
 0.030 0.16224
 0.040 0.16215
 0.050 0.16207
 0.060 0.16199
 0.070 0.16191
 0.080 0.16183
 0.090 0.16175
 0.100 0.16168
 0.110 0.16160
 0.120 0.16153
 0.130 0.16145
 0.140 0.16138
 0.150 0.16130
 0.160 0.16122
 0.170 0.16114
 0.180 0.16106
 0.190 0.16097
 0.200 0.16089
 0.210 0.16080
 0.220 0.16070
 0.230 0.16061
 0.240 0.16052
 0.250 0.16042
 0.260 0.16033
 0.270 0.16023
 0.280 0.16014
 0.290 0.16005
 0.300 0.15997
 0.310 0.15989
 0.320 0.15981
 0.330 0.15974
 0.340 0.15967
 0.350 0.15961
 0.360 0.15956
 0.370 0.15951
 0.380 0.15947
 0.390 0.15944
 0.400 0.15942
 0.410 0.15941
 0.420 0.15940
 0.430 0.15941
 0.440 0.15942
 0.450 0.15944
 0.460 0.15946
 0.470 0.15949
 0.480 0.15953
 0.490 0.15956
 0.500 0.15960
 0.510 0.15963
 0.520 0.15966
 0.530 0.15970
 0.540 0.15973
 0.550 0.15976
 0.560 0.15978
 0.570 0.15980
 0.580 0.15982
 0.590 0.15984
 0.600 0.15984
 0.610 0.15985
 0.620 0.15985
 0.630 0.15986
 0.640 0.15985
 0.650 0.15985
 0.660 0.15985
 0.670 0.15985
 0.680 0.15984
 0.690 0.15984
 0.700 0.15985
 0.710 0.15985
 0.720 0.15985
 0.730 0.15986
 0.740 0.15987
 0.750 0.15988
 0.760 0.15988
 0.770 0.15989
 0.780 0.15990
 0.790 0.15991
 0.800 0.15992
 0.810 0.15992
 0.820 0.15993
 0.830 0.15993
 0.840 0.15993
 0.850 0.15993
 0.860 0.15993
 0.870 0.15994
 0.880 0.15994
 0.890 0.15994
 0.900 0.15995
 0.910 0.15995
 0.920 0.15996
 0.930 0.15998
 0.940 0.16000
 0.950 0.16002
 0.960 0.16004
 0.970 0.16007
 0.980 0.16011
 0.990 0.16014
 1.000 0.16018
 1.010 0.16022
 1.020 0.16026
 1.030 0.16029
 1.040 0.16033
 1.050 0.16036
 1.060 0.16039
 1.070 0.16042
 1.080 0.16045
 1.090 0.16047
 1.100 0.16049
 1.110 0.16050
 1.120 0.16051
 1.130 0.16052
 1.140 0.16052
 1.150 0.16052
 1.160 0.16052
 1.170 0.16052
 1.180 0.16051
 1.190 0.16050
 1.200 0.16049
 1.210 0.16048
 1.220 0.16046
 1.230 0.16043
 1.240 0.16041
 1.250 0.16038
 1.260 0.16034
 1.270 0.16030
 1.280 0.16025
 1.290 0.16020
 1.300 0.16014
 1.310 0.16008
 1.320 0.16001
 1.330 0.15993
 1.340 0.15985
 1.350 0.15977
 1.360 0.15968
 1.370 0.15959
 1.380 0.15949
 1.390 0.15939
 1.400 0.15929
 1.410 0.15919
 1.420 0.15908
 1.430 0.15898
 1.440 0.15888
 1.450 0.15877
 1.460 0.15868
 1.470 0.15858
 1.480 0.15849
 1.490 0.15840
 1.500 0.15833
 1.510 0.15825
 1.520 0.15819
 1.530 0.15814
 1.540 0.15809
 1.550 0.15805
 1.560 0.15803
 1.570 0.15801
 1.580 0.15800
 1.590 0.15800
 1.600 0.15801
 1.610 0.15802
 1.620 0.15804
 1.630 0.15807
 1.640 0.15810
 1.650 0.15813
 1.660 0.15816
 1.670 0.15819
 1.680 0.15822
 1.690 0.15826
 1.700 0.15830
 1.710 0.15833
 1.720 0.15837
 1.730 0.15841
 1.740 0.15845
 1.750 0.15849
 1.760 0.15853
 1.770 0.15858
 1.780 0.15862
 1.790 0.15867
 1.800 0.15872
 1.810 0.15876
 1.820 0.15881
 1.830 0.15886
 1.840 0.15891
 1.850 0.15896
 1.860 0.15901
 1.870 0.15906
 1.880 0.15910
 1.890 0.15915
 1.900 0.15919
 1.910 0.15923
 1.920 0.15926
 1.930 0.15929
 1.940 0.15931
 1.950 0.15933
 1.960 0.15934
 1.970 0.15935
 1.980 0.15936
 1.990 0.15935
 2.000 0.15934
 2.010 0.15933
 2.020 0.15930
 2.030 0.15928
 2.040 0.15925
 2.050 0.15921
 2.060 0.15917
 2.070 0.15913
 2.080 0.15908
 2.090 0.15903
 2.100 0.15897
 2.110 0.15892
 2.120 0.15886
 2.130 0.15881
 2.140 0.15875
 2.150 0.15870
 2.160 0.15865
 2.170 0.15860
 2.180 0.15856
 2.190 0.15852
 2.200 0.15848
 2.210 0.15845
 2.220 0.15843
 2.230 0.15842
 2.240 0.15841
 2.250 0.15841
 2.260 0.15842
 2.270 0.15844
 2.280 0.15846
 2.290 0.15850
 2.300 0.15854
 2.310 0.15858
 2.320 0.15863
 2.330 0.15869
 2.340 0.15875
 2.350 0.15882
 2.360 0.15888
 2.370 0.15894
 2.380 0.15901
 2.390 0.15907
 2.400 0.15913
 2.410 0.15918
 2.420 0.15923
 2.430 0.15928
 2.440 0.15931
 2.450 0.15935
 2.460 0.15937
 2.470 0.15939
 2.480 0.15940
 2.490 0.15941
 2.500 0.15941
 2.510 0.15940
 2.520 0.15938
 2.530 0.15936
 2.540 0.15934
 2.550 0.15931
 2.560 0.15927
 2.570 0.15922
 2.580 0.15918
 2.590 0.15912
 2.600 0.15906
 2.610 0.15900
 2.620 0.15893
 2.630 0.15886
 2.640 0.15878
 2.650 0.15870
 2.660 0.15862
 2.670 0.15853
 2.680 0.15843
 2.690 0.15833
 2.700 0.15823
 2.710 0.15813
 2.720 0.15802
 2.730 0.15790
 2.740 0.15779
 2.750 0.15767
 2.760 0.15755
 2.770 0.15743
 2.780 0.15731
 2.790 0.15718
 2.800 0.15706
 2.810 0.15694
 2.820 0.15682
 2.830 0.15671
 2.840 0.15660
 2.850 0.15649
 2.860 0.15640
 2.870 0.15631
 2.880 0.15623
 2.890 0.15617
 2.900 0.15611
 2.910 0.15608
 2.920 0.15605
 2.930 0.15605
 2.940 0.15606
 2.950 0.15608
 2.960 0.15612
 2.970 0.15617
 2.980 0.15623
 2.990 0.15630
 3.000 0.15639
 3.010 0.15648
 3.020 0.15658
 3.030 0.15670
 3.040 0.15682
 3.050 0.15694
 3.060 0.15708
 3.070 0.15722
 3.080 0.15736
 3.090 0.15750
 3.100 0.15765
 3.110 0.15780
 3.120 0.15795
 3.130 0.15810
 3.140 0.15824
 3.150 0.15838
 3.160 0.15851
 3.170 0.15864
 3.180 0.15875
 3.190 0.15886
 3.200 0.15895
 3.210 0.15904
 3.220 0.15911
 3.230 0.15917
 3.240 0.15922
 3.250 0.15925
 3.260 0.15926
 3.270 0.15926
 3.280 0.15925
 3.290 0.15923
 3.300 0.15919
 3.310 0.15913
 3.320 0.15907
 3.330 0.15900
 3.340 0.15892
 3.350 0.15883
 3.360 0.15873
 3.370 0.15863
 3.380 0.15853
 3.390 0.15842
 3.400 0.15831
 3.410 0.15820
 3.420 0.15809
 3.430 0.15798
 3.440 0.15788
 3.450 0.15778
 3.460 0.15768
 3.470 0.15759
 3.480 0.15750
 3.490 0.15742
 3.500 0.15735
 3.510 0.15728
 3.520 0.15721
 3.530 0.15715
 3.540 0.15709
 3.550 0.15704
 3.560 0.15699
 3.570 0.15694
 3.580 0.15690
 3.590 0.15686
 3.600 0.15682
 3.610 0.15678
 3.620 0.15674
 3.630 0.15670
 3.640 0.15666
 3.650 0.15663
 3.660 0.15660
 3.670 0.15657
 3.680 0.15654
 3.690 0.15652
 3.700 0.15649
 3.710 0.15647
 3.720 0.15646
 3.730 0.15644
 3.740 0.15643
 3.750 0.15642
 3.760 0.15641
 3.770 0.15639
 3.780 0.15638
 3.790 0.15637
 3.800 0.15636
 3.810 0.15635
 3.820 0.15634
 3.830 0.15632
 3.840 0.15631
 3.850 0.15629
 3.860 0.15628
 3.870 0.15626
 3.880 0.15624
 3.890 0.15623
 3.900 0.15621
 3.910 0.15619
 3.920 0.15617
 3.930 0.15615
 3.940 0.15613
 3.950 0.15611
 3.960 0.15608
 3.970 0.15606
 3.980 0.15604
 3.990 0.15602
 4.000 0.15599
 4.010 0.15597
 4.020 0.15595
 4.030 0.15593
 4.040 0.15592
 4.050 0.15590
 4.060 0.15588
 4.070 0.15586
 4.080 0.15584
 4.090 0.15583
 4.100 0.15581
 4.110 0.15579
 4.120 0.15577
 4.130 0.15576
 4.140 0.15574
 4.150 0.15573
 4.160 0.15572
 4.170 0.15571
 4.180 0.15571
 4.190 0.15571
 4.200 0.15571
 4.210 0.15571
 4.220 0.15571
 4.230 0.15572
 4.240 0.15572
 4.250 0.15573
 4.260 0.15573
 4.270 0.15573
 4.280 0.15574
 4.290 0.15574
 4.300 0.15574
 4.310 0.15574
 4.320 0.15574
 4.330 0.15574
 4.340 0.15574
 4.350 0.15574
 4.360 0.15574
 4.370 0.15575
 4.380 0.15575
 4.390 0.15576
 4.400 0.15576
 4.410 0.15576
 4.420 0.15576
 4.430 0.15576
 4.440 0.15576
 4.450 0.15575
 4.460 0.15574
 4.470 0.15573
 4.480 0.15571
 4.490 0.15570
 4.500 0.15568
 4.510 0.15566
 4.520 0.15564
 4.530 0.15562
 4.540 0.15560
 4.550 0.15559
 4.560 0.15558
 4.570 0.15557
 4.580 0.15557
 4.590 0.15558
 4.600 0.15559
 4.610 0.15561
 4.620 0.15563
 4.630 0.15566
 4.640 0.15569
 4.650 0.15572
 4.660 0.15576
 4.670 0.15580
 4.680 0.15585
 4.690 0.15589
 4.700 0.15594
 4.710 0.15600
 4.720 0.15605
 4.730 0.15611
 4.740 0.15616
 4.750 0.15622
 4.760 0.15628
 4.770 0.15634
 4.780 0.15639
 4.790 0.15645
 4.800 0.15651
 4.810 0.15656
 4.820 0.15661
 4.830 0.15666
 4.840 0.15670
 4.850 0.15674
 4.860 0.15678
 4.870 0.15682
 4.880 0.15685
 4.890 0.15689
 4.900 0.15692
 4.910 0.15695
 4.920 0.15698
 4.930 0.15700
 4.940 0.15703
 4.950 0.15705
 4.960 0.15707
 4.970 0.15708
 4.980 0.15710
 4.990 0.15711
 5.000 0.15711
 5.010 0.15712
 5.020 0.15712
 5.030 0.15711
 5.040 0.15711
 5.050 0.15710
 5.060 0.15709
 5.070 0.15708
 5.080 0.15707
 5.090 0.15706
 5.100 0.15704
 5.110 0.15703
 5.120 0.15701
 5.130 0.15700
 5.140 0.15698
 5.150 0.15697
 5.160 0.15695
 5.170 0.15693
 5.180 0.15691
 5.190 0.15689
 5.200 0.15687
 5.210 0.15685
 5.220 0.15683
 5.230 0.15680
 5.240 0.15677
 5.250 0.15675
 5.260 0.15672
 5.270 0.15668
 5.280 0.15665
 5.290 0.15662
 5.300 0.15659
 5.310 0.15656
 5.320 0.15653
 5.330 0.15650
 5.340 0.15647
 5.350 0.15644
 5.360 0.15641
 5.370 0.15638
 5.380 0.15635
 5.390 0.15632
 5.400 0.15629
 5.410 0.15626
 5.420 0.15624
 5.430 0.15622
 5.440 0.15621
 5.450 0.15620
 5.460 0.15620
 5.470 0.15620
 5.480 0.15621
 5.490 0.15622
 5.500 0.15624
 5.510 0.15627
 5.520 0.15630
 5.530 0.15634
 5.540 0.15638
 5.550 0.15643
 5.560 0.15648
 5.570 0.15653
 5.580 0.15659
 5.590 0.15665
 5.600 0.15670
