 0.000 1.09253
 0.010 1.09252
 0.020 1.09255
 0.030 1.09259
 0.040 1.09263
 0.050 1.09267
 0.060 1.09271
 0.070 1.09275
 0.080 1.09278
 0.090 1.09282
 0.100 1.09286
 0.110 1.09289
 0.120 1.09293
 0.130 1.09296
 0.140 1.09299
 0.150 1.09303
 0.160 1.09306
 0.170 1.09309
 0.180 1.09312
 0.190 1.09314
 0.200 1.09317
 0.210 1.09320
 0.220 1.09322
 0.230 1.09324
 0.240 1.09326
 0.250 1.09328
 0.260 1.09330
 0.270 1.09332
 0.280 1.09334
 0.290 1.09335
 0.300 1.09336
 0.310 1.09337
 0.320 1.09338
 0.330 1.09339
 0.340 1.09339
 0.350 1.09340
 0.360 1.09340
 0.370 1.09340
 0.380 1.09340
 0.390 1.09340
 0.400 1.09340
 0.410 1.09339
 0.420 1.09339
 0.430 1.09338
 0.440 1.09338
 0.450 1.09337
 0.460 1.09336
 0.470 1.09335
 0.480 1.09335
 0.490 1.09334
 0.500 1.09333
 0.510 1.09332
 0.520 1.09331
 0.530 1.09330
 0.540 1.09329
 0.550 1.09328
 0.560 1.09327
 0.570 1.09326
 0.580 1.09325
 0.590 1.09324
 0.600 1.09323
 0.610 1.09322
 0.620 1.09320
 0.630 1.09319
 0.640 1.09318
 0.650 1.09316
 0.660 1.09315
 0.670 1.09313
 0.680 1.09311
 0.690 1.09310
 0.700 1.09308
 0.710 1.09306
 0.720 1.09304
 0.730 1.09301
 0.740 1.09299
 0.750 1.09297
 0.760 1.09294
 0.770 1.09291
 0.780 1.09289
 0.790 1.09286
 0.800 1.09283
 0.810 1.09280
 0.820 1.09277
 0.830 1.09274
 0.840 1.09271
 0.850 1.09268
 0.860 1.09265
 0.870 1.09261
 0.880 1.09258
 0.890 1.09255
 0.900 1.09252
 0.910 1.09250
 0.920 1.09247
 0.930 1.09244
 0.940 1.09242
 0.950 1.09239
 0.960 1.09237
 0.970 1.09234
 0.980 1.09232
 0.990 1.09230
 1.000 1.09228
 1.010 1.09227
 1.020 1.09225
 1.030 1.09224
 1.040 1.09222
 1.050 1.09221
 1.060 1.09220
 1.070 1.09218
 1.080 1.09217
 1.090 1.09216
 1.100 1.09215
 1.110 1.09214
 1.120 1.09214
 1.130 1.09213
 1.140 1.09212
 1.150 1.09211
 1.160 1.09211
 1.170 1.09210
 1.180 1.09209
 1.190 1.09209
 1.200 1.09208
 1.210 1.09208
 1.220 1.09207
 1.230 1.09207
 1.240 1.09206
 1.250 1.09206
 1.260 1.09205
 1.270 1.09205
 1.280 1.09205
 1.290 1.09205
 1.300 1.09205
 1.310 1.09204
 1.320 1.09204
 1.330 1.09204
 1.340 1.09205
 1.350 1.09205
 1.360 1.09205
 1.370 1.09205
 1.380 1.09206
 1.390 1.09206
 1.400 1.09206
 1.410 1.09207
 1.420 1.09207
 1.430 1.09208
 1.440 1.09209
 1.450 1.09209
 1.460 1.09210
 1.470 1.09210
 1.480 1.09211
 1.490 1.09212
 1.500 1.09212
 1.510 1.09213
 1.520 1.09213
 1.530 1.09214
 1.540 1.09214
 1.550 1.09214
 1.560 1.09215
 1.570 1.09215
 1.580 1.09215
 1.590 1.09215
 1.600 1.09215
 1.610 1.09215
 1.620 1.09215
 1.630 1.09215
 1.640 1.09215
 1.650 1.09215
 1.660 1.09215
 1.670 1.09214
 1.680 1.09214
 1.690 1.09214
 1.700 1.09214
 1.710 1.09214
 1.720 1.09213
 1.730 1.09213
 1.740 1.09213
 1.750 1.09213
 1.760 1.09213
 1.770 1.09213
 1.780 1.09212
 1.790 1.09212
 1.800 1.09212
 1.810 1.09212
 1.820 1.09212
 1.830 1.09212
 1.840 1.09213
 1.850 1.09213
 1.860 1.09213
 1.870 1.09213
 1.880 1.09213
 1.890 1.09213
 1.900 1.09214
 1.910 1.09214
 1.920 1.09214
 1.930 1.09214
 1.940 1.09215
 1.950 1.09215
 1.960 1.09215
 1.970 1.09216
 1.980 1.09216
 1.990 1.09216
 2.000 1.09217
 2.010 1.09217
 2.020 1.09218
 2.030 1.09218
 2.040 1.09218
 2.050 1.09219
 2.060 1.09219
 2.070 1.09220
 2.080 1.09220
 2.090 1.09221
 2.100 1.09221
 2.110 1.09222
 2.120 1.09222
 2.130 1.09223
 2.140 1.09223
 2.150 1.09224
 2.160 1.09225
 2.170 1.09226
 2.180 1.09227
 2.190 1.09228
 2.200 1.09229
 2.210 1.09230
 2.220 1.09231
 2.230 1.09232
 2.240 1.09233
 2.250 1.09234
 2.260 1.09236
 2.270 1.09237
 2.280 1.09238
 2.290 1.09240
 2.300 1.09241
 2.310 1.09243
 2.320 1.09244
 2.330 1.09246
 2.340 1.09247
 2.350 1.09249
 2.360 1.09251
 2.370 1.09253
 2.380 1.09254
 2.390 1.09256
 2.400 1.09258
 2.410 1.09260
 2.420 1.09262
 2.430 1.09264
 2.440 1.09265
 2.450 1.09267
 2.460 1.09269
 2.470 1.09271
 2.480 1.09273
 2.490 1.09275
 2.500 1.09277
 2.510 1.09279
 2.520 1.09281
 2.530 1.09283
 2.540 1.09285
 2.550 1.09287
 2.560 1.09289
 2.570 1.09291
 2.580 1.09293
 2.590 1.09295
 2.600 1.09297
 2.610 1.09298
 2.620 1.09300
 2.630 1.09302
 2.640 1.09304
 2.650 1.09306
 2.660 1.09307
 2.670 1.09309
 2.680 1.09310
 2.690 1.09312
 2.700 1.09313
 2.710 1.09314
 2.720 1.09316
 2.730 1.09317
 2.740 1.09318
 2.750 1.09319
 2.760 1.09320
 2.770 1.09320
 2.780 1.09321
 2.790 1.09321
 2.800 1.09322
 2.810 1.09322
 2.820 1.09322
 2.830 1.09322
 2.840 1.09322
 2.850 1.09322
 2.860 1.09322
 2.870 1.09322
 2.880 1.09321
 2.890 1.09321
 2.900 1.09320
 2.910 1.09320
 2.920 1.09319
 2.930 1.09318
 2.940 1.09317
 2.950 1.09316
 2.960 1.09315
 2.970 1.09314
 2.980 1.09313
 2.990 1.09312
 3.000 1.09311
 3.010 1.09310
 3.020 1.09309
 3.030 1.09308
 3.040 1.09306
 3.050 1.09305
 3.060 1.09304
 3.070 1.09303
 3.080 1.09301
 3.090 1.09300
 3.100 1.09299
 3.110 1.09297
 3.120 1.09296
 3.130 1.09295
 3.140 1.09293
 3.150 1.09292
 3.160 1.09290
 3.170 1.09289
 3.180 1.09288
 3.190 1.09286
 3.200 1.09285
 3.210 1.09283
 3.220 1.09282
 3.230 1.09280
 3.240 1.09279
 3.250 1.09277
 3.260 1.09276
 3.270 1.09274
 3.280 1.09273
 3.290 1.09271
 3.300 1.09270
 3.310 1.09268
 3.320 1.09266
 3.330 1.09265
 3.340 1.09263
 3.350 1.09261
 3.360 1.09260
 3.370 1.09258
 3.380 1.09256
 3.390 1.09255
 3.400 1.09253
 3.410 1.09251
 3.420 1.09249
 3.430 1.09248
 3.440 1.09246
 3.450 1.09244
 3.460 1.09243
 3.470 1.09241
 3.480 1.09239
 3.490 1.09238
 3.500 1.09236
 3.510 1.09235
 3.520 1.09234
 3.530 1.09232
 3.540 1.09231
 3.550 1.09230
 3.560 1.09229
 3.570 1.09227
 3.580 1.09226
 3.590 1.09226
 3.600 1.09225
 3.610 1.09224
 3.620 1.09223
 3.630 1.09223
 3.640 1.09222
 3.650 1.09222
 3.660 1.09221
 3.670 1.09221
 3.680 1.09221
 3.690 1.09220
 3.700 1.09220
 3.710 1.09220
 3.720 1.09220
 3.730 1.09220
 3.740 1.09219
 3.750 1.09219
 3.760 1.09219
 3.770 1.09219
 3.780 1.09218
 3.790 1.09218
 3.800 1.09218
 3.810 1.09217
 3.820 1.09217
 3.830 1.09217
 3.840 1.09216
 3.850 1.09216
 3.860 1.09215
 3.870 1.09214
 3.880 1.09214
 3.890 1.09213
 3.900 1.09213
 3.910 1.09212
 3.920 1.09211
 3.930 1.09210
 3.940 1.09210
 3.950 1.09209
 3.960 1.09208
 3.970 1.09208
 3.980 1.09207
 3.990 1.09206
 4.000 1.09206
 4.010 1.09205
 4.020 1.09204
 4.030 1.09204
 4.040 1.09203
 4.050 1.09203
 4.060 1.09202
 4.070 1.09202
 4.080 1.09202
 4.090 1.09201
 4.100 1.09201
 4.110 1.09201
 4.120 1.09201
 4.130 1.09201
 4.140 1.09201
 4.150 1.09201
 4.160 1.09201
 4.170 1.09201
 4.180 1.09201
 4.190 1.09201
 4.200 1.09201
 4.210 1.09202
 4.220 1.09202
 4.230 1.09202
 4.240 1.09203
 4.250 1.09203
 4.260 1.09203
 4.270 1.09204
 4.280 1.09204
 4.290 1.09204
 4.300 1.09205
 4.310 1.09205
 4.320 1.09206
 4.330 1.09206
 4.340 1.09207
 4.350 1.09207
 4.360 1.09208
 4.370 1.09208
 4.380 1.09209
 4.390 1.09209
 4.400 1.09210
 4.410 1.09210
 4.420 1.09211
 4.430 1.09211
 4.440 1.09212
 4.450 1.09212
 4.460 1.09213
 4.470 1.09213
 4.480 1.09214
 4.490 1.09214
 4.500 1.09215
 4.510 1.09215
 4.520 1.09216
 4.530 1.09216
 4.540 1.09217
 4.550 1.09217
 4.560 1.09217
 4.570 1.09218
 4.580 1.09218
 4.590 1.09219
 4.600 1.09219
 4.610 1.09220
 4.620 1.09220
 4.630 1.09220
 4.640 1.09221
 4.650 1.09221
 4.660 1.09222
 4.670 1.09222
 4.680 1.09223
 4.690 1.09223
 4.700 1.09224
 4.710 1.09225
 4.720 1.09225
 4.730 1.09226
 4.740 1.09227
 4.750 1.09228
 4.760 1.09229
 4.770 1.09229
 4.780 1.09230
 4.790 1.09231
 4.800 1.09232
 4.810 1.09233
 4.820 1.09234
 4.830 1.09235
 4.840 1.09236
 4.850 1.09237
 4.860 1.09238
 4.870 1.09239
 4.880 1.09240
 4.890 1.09241
 4.900 1.09242
 4.910 1.09243
 4.920 1.09244
 4.930 1.09245
 4.940 1.09246
 4.950 1.09247
 4.960 1.09248
 4.970 1.09249
 4.980 1.09250
 4.990 1.09251
 5.000 1.09252
 5.010 1.09253
 5.020 1.09254
 5.030 1.09255
 5.040 1.09256
 5.050 1.09257
 5.060 1.09257
 5.070 1.09258
 5.080 1.09259
 5.090 1.09260
 5.100 1.09261
 5.110 1.09262
 5.120 1.09263
 5.130 1.09264
 5.140 1.09265
 5.150 1.09266
 5.160 1.09268
 5.170 1.09269
 5.180 1.09270
 5.190 1.09271
 5.200 1.09272
 5.210 1.09273
 5.220 1.09275
 5.230 1.09276
 5.240 1.09277
 5.250 1.09278
 5.260 1.09279
 5.270 1.09281
 5.280 1.09282
 5.290 1.09283
 5.300 1.09284
 5.310 1.09285
 5.320 1.09286
 5.330 1.09287
 5.340 1.09288
 5.350 1.09289
 5.360 1.09289
 5.370 1.09290
 5.380 1.09291
 5.390 1.09291
 5.400 1.09292
 5.410 1.09292
 5.420 1.09293
 5.430 1.09293
 5.440 1.09293
 5.450 1.09293
 5.460 1.09293
 5.470 1.09293
 5.480 1.09293
 5.490 1.09293
 5.500 1.09292
 5.510 1.09292
 5.520 1.09291
 5.530 1.09291
 5.540 1.09290
 5.550 1.09289
 5.560 1.09288
 5.570 1.09287
 5.580 1.09286
 5.590 1.09285
 5.600 1.09284
