 0.000 -1.282710 563.846568 0.000000 0.268712 0.000000
 0.010 -1.161671 563.948906 0.000000 0.268570 0.000000
 0.020 -1.060974 563.983005 0.000000 0.268432 0.000000
 0.030 -0.991173 563.947571 0.000000 0.268299 0.000000
 0.040 -0.947801 563.911617 0.000000 0.268173 0.000000
 0.050 -0.916061 563.955611 0.000000 0.268054 0.000000
 0.060 -0.883212 564.111023 0.000000 0.267941 0.000000
 0.070 -0.847794 564.343444 0.000000 0.267834 0.000000
 0.080 -0.817362 564.580739 0.000000 0.267732 0.000000
 0.090 -0.799579 564.759374 0.000000 0.267634 0.000000
 0.100 -0.797589 564.856080 0.000000 0.267540 0.000000
 0.110 -0.811767 564.885339 0.000000 0.267448 0.000000
 0.120 -0.841177 564.870770 0.000000 0.267360 0.000000
 0.130 -0.881919 564.818858 0.000000 0.267274 0.000000
 0.140 -0.926775 564.716716 0.000000 0.267191 0.000000
 0.150 -0.968191 564.551804 0.000000 0.267111 0.000000
 0.160 -1.000718 564.335443 0.000000 0.267033 0.000000
 0.170 -1.020862 564.111661 0.000000 0.266959 0.000000
 0.180 -1.027170 563.941447 0.000000 0.266888 0.000000
 0.190 -1.021137 563.869057 0.000000 0.266821 0.000000
 0.200 -1.005420 563.896259 0.000000 0.266757 0.000000
 0.210 -0.980199 563.988940 0.000000 0.266697 0.000000
 0.220 -0.944309 564.109110 0.000000 0.266642 0.000000
 0.230 -0.901802 564.239115 0.000000 0.266591 0.000000
 0.240 -0.863995 564.380171 0.000000 0.266545 0.000000
 0.250 -0.840913 564.541251 0.000000 0.266504 0.000000
 0.260 -0.832129 564.735582 0.000000 0.266468 0.000000
 0.270 -0.830470 564.974173 0.000000 0.266438 0.000000
 0.280 -0.834597 565.242518 0.000000 0.266414 0.000000
 0.290 -0.852957 565.479632 0.000000 0.266396 0.000000
 0.300 -0.893555 565.592593 0.000000 0.266384 0.000000
 0.310 -0.954267 565.503772 0.000000 0.266377 0.000000
 0.320 -1.026391 565.190787 0.000000 0.266374 0.000000
 0.330 -1.103536 564.694513 0.000000 0.266373 0.000000
 0.340 -1.181184 564.108704 0.000000 0.266369 0.000000
 0.350 -1.248824 563.564167 0.000000 0.266362 0.000000
 0.360 -1.289302 563.193156 0.000000 0.266347 0.000000
 0.370 -1.289572 563.070441 0.000000 0.266323 0.000000
 0.380 -1.251017 563.174102 0.000000 0.266290 0.000000
 0.390 -1.188741 563.413536 0.000000 0.266250 0.000000
 0.400 -1.121789 563.705820 0.000000 0.266202 0.000000
 0.410 -1.062718 564.024189 0.000000 0.266151 0.000000
 0.420 -1.012844 564.374445 0.000000 0.266097 0.000000
 0.430 -0.965210 564.738890 0.000000 0.266044 0.000000
 0.440 -0.912600 565.056185 0.000000 0.265992 0.000000
 0.450 -0.854848 565.252901 0.000000 0.265944 0.000000
 0.460 -0.800846 565.288210 0.000000 0.265900 0.000000
 0.470 -0.763968 565.175706 0.000000 0.265862 0.000000
 0.480 -0.753542 564.974764 0.000000 0.265828 0.000000
 0.490 -0.769034 564.759037 0.000000 0.265800 0.000000
 0.500 -0.802341 564.580945 0.000000 0.265776 0.000000
 0.510 -0.845217 564.459267 0.000000 0.265757 0.000000
 0.520 -0.893353 564.395400 0.000000 0.265742 0.000000
 0.530 -0.944340 564.388802 0.000000 0.265728 0.000000
 0.540 -0.995567 564.427950 0.000000 0.265716 0.000000
 0.550 -1.047367 564.474985 0.000000 0.265702 0.000000
 0.560 -1.106780 564.475909 0.000000 0.265685 0.000000
 0.570 -1.182460 564.396794 0.000000 0.265664 0.000000
 0.580 -1.271554 564.256689 0.000000 0.265638 0.000000
 0.590 -1.353176 564.126887 0.000000 0.265607 0.000000
 0.600 -1.399327 564.086543 0.000000 0.265572 0.000000
 0.610 -1.394318 564.160989 0.000000 0.265533 0.000000
 0.620 -1.344007 564.297768 0.000000 0.265492 0.000000
 0.630 -1.268475 564.410177 0.000000 0.265450 0.000000
 0.640 -1.188374 564.449009 0.000000 0.265410 0.000000
 0.650 -1.116531 564.432816 0.000000 0.265371 0.000000
 0.660 -1.056935 564.416421 0.000000 0.265335 0.000000
 0.670 -1.007575 564.441971 0.000000 0.265303 0.000000
 0.680 -0.964874 564.519790 0.000000 0.265277 0.000000
 0.690 -0.928337 564.640063 0.000000 0.265256 0.000000
 0.700 -0.902237 564.785881 0.000000 0.265241 0.000000
 0.710 -0.892898 564.929886 0.000000 0.265234 0.000000
 0.720 -0.905477 565.024534 0.000000 0.265235 0.000000
 0.730 -0.943702 565.009057 0.000000 0.265242 0.000000
 0.740 -1.008900 564.842728 0.000000 0.265255 0.000000
 0.750 -1.094312 564.542333 0.000000 0.265271 0.000000
 0.760 -1.181437 564.184459 0.000000 0.265289 0.000000
 0.770 -1.248896 563.860028 0.000000 0.265305 0.000000
 0.780 -1.289298 563.618422 0.000000 0.265316 0.000000
 0.790 -1.315308 563.452752 0.000000 0.265320 0.000000
 0.800 -1.345638 563.336465 0.000000 0.265316 0.000000
 0.810 -1.384460 563.270847 0.000000 0.265305 0.000000
 0.820 -1.414442 563.296275 0.000000 0.265287 0.000000
 0.830 -1.408953 563.457741 0.000000 0.265265 0.000000
 0.840 -1.352752 563.756707 0.000000 0.265244 0.000000
 0.850 -1.256243 564.130900 0.000000 0.265226 0.000000
 0.860 -1.153660 564.477613 0.000000 0.265214 0.000000
 0.870 -1.085668 564.702375 0.000000 0.265208 0.000000
 0.880 -1.077129 564.763545 0.000000 0.265209 0.000000
 0.890 -1.124084 564.691670 0.000000 0.265214 0.000000
 0.900 -1.197533 564.571639 0.000000 0.265222 0.000000
 0.910 -1.260723 564.492162 0.000000 0.265231 0.000000
 0.920 -1.288924 564.496617 0.000000 0.265239 0.000000
 0.930 -1.280061 564.574152 0.000000 0.265247 0.000000
 0.940 -1.251332 564.685654 0.000000 0.265255 0.000000
 0.950 -1.226509 564.781182 0.000000 0.265263 0.000000
 0.960 -1.223293 564.794528 0.000000 0.265272 0.000000
 0.970 -1.247268 564.654061 0.000000 0.265282 0.000000
 0.980 -1.293001 564.336006 0.000000 0.265291 0.000000
 0.990 -1.348998 563.914754 0.000000 0.265298 0.000000
 1.000 -1.402870 563.540556 0.000000 0.265301 0.000000
 1.010 -1.444713 563.345842 0.000000 0.265298 0.000000
 1.020 -1.468260 563.363184 0.000000 0.265288 0.000000
 1.030 -1.469841 563.528565 0.000000 0.265271 0.000000
 1.040 -1.445951 563.754597 0.000000 0.265247 0.000000
 1.050 -1.392266 563.993197 0.000000 0.265217 0.000000
 1.060 -1.307234 564.235615 0.000000 0.265183 0.000000
 1.070 -1.199018 564.476929 0.000000 0.265146 0.000000
 1.080 -1.089009 564.700684 0.000000 0.265110 0.000000
 1.090 -1.005631 564.890110 0.000000 0.265074 0.000000
 1.100 -0.970326 565.030152 0.000000 0.265039 0.000000
 1.110 -0.986057 565.094385 0.000000 0.265004 0.000000
 1.120 -1.037396 565.053142 0.000000 0.264969 0.000000
 1.130 -1.100519 564.912939 0.000000 0.264931 0.000000
 1.140 -1.153994 564.739202 0.000000 0.264887 0.000000
 1.150 -1.184973 564.618318 0.000000 0.264837 0.000000
 1.160 -1.191209 564.584480 0.000000 0.264780 0.000000
 1.170 -1.178755 564.583990 0.000000 0.264716 0.000000
 1.180 -1.155232 564.519285 0.000000 0.264645 0.000000
 1.190 -1.124452 564.338774 0.000000 0.264569 0.000000
 1.200 -1.088389 564.089783 0.000000 0.264492 0.000000
 1.210 -1.051900 563.881662 0.000000 0.264415 0.000000
 1.220 -1.020609 563.795370 0.000000 0.264340 0.000000
 1.230 -0.993321 563.830376 0.000000 0.264271 0.000000
 1.240 -0.960433 563.930522 0.000000 0.264208 0.000000
 1.250 -0.912558 564.040191 0.000000 0.264155 0.000000
 1.260 -0.850022 564.127632 0.000000 0.264112 0.000000
 1.270 -0.783108 564.174788 0.000000 0.264081 0.000000
 1.280 -0.723915 564.170818 0.000000 0.264061 0.000000
 1.290 -0.678904 564.120843 0.000000 0.264052 0.000000
 1.300 -0.648731 564.051749 0.000000 0.264053 0.000000
 1.310 -0.632964 564.003488 0.000000 0.264061 0.000000
 1.320 -0.631651 564.010693 0.000000 0.264076 0.000000
 1.330 -0.641256 564.083352 0.000000 0.264095 0.000000
 1.340 -0.652533 564.197900 0.000000 0.264118 0.000000
 1.350 -0.656301 564.311312 0.000000 0.264144 0.000000
 1.360 -0.650730 564.392431 0.000000 0.264174 0.000000
 1.370 -0.640765 564.439761 0.000000 0.264210 0.000000
 1.380 -0.632478 564.464075 0.000000 0.264254 0.000000
 1.390 -0.631879 564.457638 0.000000 0.264307 0.000000
 1.400 -0.647729 564.393647 0.000000 0.264371 0.000000
 1.410 -0.688995 564.263786 0.000000 0.264444 0.000000
 1.420 -0.755583 564.109727 0.000000 0.264525 0.000000
 1.430 -0.833648 564.004470 0.000000 0.264612 0.000000
 1.440 -0.903494 563.997129 0.000000 0.264701 0.000000
 1.450 -0.952436 564.080082 0.000000 0.264788 0.000000
 1.460 -0.978839 564.212036 0.000000 0.264871 0.000000
 1.470 -0.985369 564.364056 0.000000 0.264948 0.000000
 1.480 -0.972680 564.531391 0.000000 0.265017 0.000000
 1.490 -0.941570 564.702598 0.000000 0.265080 0.000000
 1.500 -0.898218 564.834504 0.000000 0.265136 0.000000
 1.510 -0.853607 564.872673 0.000000 0.265188 0.000000
 1.520 -0.817988 564.798484 0.000000 0.265235 0.000000
 1.530 -0.797648 564.654276 0.000000 0.265280 0.000000
 1.540 -0.795126 564.524297 0.000000 0.265324 0.000000
 1.550 -0.808176 564.485224 0.000000 0.265368 0.000000
 1.560 -0.827597 564.554936 0.000000 0.265412 0.000000
 1.570 -0.840209 564.674002 0.000000 0.265461 0.000000
 1.580 -0.838434 564.743492 0.000000 0.265514 0.000000
 1.590 -0.828259 564.695291 0.000000 0.265574 0.000000
 1.600 -0.826682 564.530122 0.000000 0.265641 0.000000
 1.610 -0.850010 564.290789 0.000000 0.265716 0.000000
 1.620 -0.903029 564.013830 0.000000 0.265796 0.000000
 1.630 -0.976457 563.720248 0.000000 0.265880 0.000000
 1.640 -1.051155 563.443557 0.000000 0.265964 0.000000
 1.650 -1.104311 563.242253 0.000000 0.266044 0.000000
 1.660 -1.116772 563.172086 0.000000 0.266119 0.000000
 1.670 -1.081813 563.250959 0.000000 0.266185 0.000000
 1.680 -1.010544 563.452047 0.000000 0.266244 0.000000
 1.690 -0.927285 563.719723 0.000000 0.266296 0.000000
 1.700 -0.856086 563.990503 0.000000 0.266345 0.000000
 1.710 -0.808936 564.221071 0.000000 0.266393 0.000000
 1.720 -0.785257 564.416922 0.000000 0.266445 0.000000
 1.730 -0.781053 564.622771 0.000000 0.266502 0.000000
 1.740 -0.796953 564.857338 0.000000 0.266566 0.000000
 1.750 -0.837218 565.054924 0.000000 0.266636 0.000000
 1.760 -0.902758 565.099780 0.000000 0.266713 0.000000
 1.770 -0.986576 564.939717 0.000000 0.266793 0.000000
 1.780 -1.075235 564.656781 0.000000 0.266874 0.000000
 1.790 -1.153742 564.408477 0.000000 0.266954 0.000000
 1.800 -1.210580 564.298479 0.000000 0.267032 0.000000
 1.810 -1.241098 564.309056 0.000000 0.267108 0.000000
 1.820 -1.247967 564.348915 0.000000 0.267182 0.000000
 1.830 -1.239277 564.348078 0.000000 0.267257 0.000000
 1.840 -1.226639 564.301326 0.000000 0.267336 0.000000
 1.850 -1.223459 564.236216 0.000000 0.267422 0.000000
 1.860 -1.240654 564.164935 0.000000 0.267517 0.000000
 1.870 -1.280498 564.080889 0.000000 0.267621 0.000000
 1.880 -1.335255 563.991027 0.000000 0.267735 0.000000
 1.890 -1.394231 563.928305 0.000000 0.267857 0.000000
 1.900 -1.452080 563.921984 0.000000 0.267985 0.000000
 1.910 -1.508594 563.963905 0.000000 0.268115 0.000000
 1.920 -1.561386 564.014609 0.000000 0.268246 0.000000
 1.930 -1.602286 564.043569 0.000000 0.268374 0.000000
 1.940 -1.622691 564.059108 0.000000 0.268498 0.000000
 1.950 -1.621246 564.096907 0.000000 0.268618 0.000000
 1.960 -1.605153 564.180014 0.000000 0.268733 0.000000
 1.970 -1.585160 564.291838 0.000000 0.268843 0.000000
 1.980 -1.570915 564.390792 0.000000 0.268950 0.000000
 1.990 -1.570076 564.452362 0.000000 0.269052 0.000000
 2.000 -1.588156 564.492890 0.000000 0.269152 0.000000
 2.010 -1.626484 564.546791 0.000000 0.269248 0.000000
 2.020 -1.680686 564.622401 0.000000 0.269342 0.000000
 2.030 -1.742583 564.688014 0.000000 0.269433 0.000000
 2.040 -1.803616 564.701612 0.000000 0.269522 0.000000
 2.050 -1.856334 564.645076 0.000000 0.269608 0.000000
 2.060 -1.894571 564.527991 0.000000 0.269692 0.000000
 2.070 -1.915345 564.372068 0.000000 0.269771 0.000000
 2.080 -1.921483 564.200979 0.000000 0.269845 0.000000
 2.090 -1.919930 564.035493 0.000000 0.269914 0.000000
 2.100 -1.914802 563.888661 0.000000 0.269976 0.000000
 2.110 -1.902560 563.774084 0.000000 0.270032 0.000000
 2.120 -1.876418 563.727343 0.000000 0.270084 0.000000
 2.130 -1.836096 563.805302 0.000000 0.270134 0.000000
 2.140 -1.790970 564.042416 0.000000 0.270184 0.000000
 2.150 -1.751625 564.403515 0.000000 0.270236 0.000000
 2.160 -1.719099 564.788107 0.000000 0.270291 0.000000
 2.170 -1.684968 565.085188 0.000000 0.270349 0.000000
 2.180 -1.643411 565.228237 0.000000 0.270410 0.000000
 2.190 -1.602085 565.213578 0.000000 0.270472 0.000000
 2.200 -1.578828 565.087267 0.000000 0.270532 0.000000
 2.210 -1.586122 564.922975 0.000000 0.270590 0.000000
 2.220 -1.618542 564.799874 0.000000 0.270643 0.000000
 2.230 -1.656224 564.774774 0.000000 0.270692 0.000000
 2.240 -1.682121 564.850141 0.000000 0.270739 0.000000
 2.250 -1.697045 564.959781 0.000000 0.270786 0.000000
 2.260 -1.717016 564.995624 0.000000 0.270835 0.000000
 2.270 -1.753562 564.868761 0.000000 0.270891 0.000000
 2.280 -1.796181 564.563619 0.000000 0.270955 0.000000
 2.290 -1.817541 564.146443 0.000000 0.271027 0.000000
 2.300 -1.799563 563.728775 0.000000 0.271109 0.000000
 2.310 -1.753725 563.418646 0.000000 0.271198 0.000000
 2.320 -1.712366 563.286524 0.000000 0.271292 0.000000
 2.330 -1.699586 563.349332 0.000000 0.271390 0.000000
 2.340 -1.712987 563.566585 0.000000 0.271488 0.000000
 2.350 -1.733115 563.851683 0.000000 0.271583 0.000000
 2.360 -1.746017 564.106773 0.000000 0.271675 0.000000
 2.370 -1.754436 564.272810 0.000000 0.271762 0.000000
 2.380 -1.770477 564.360585 0.000000 0.271842 0.000000
 2.390 -1.801191 564.431053 0.000000 0.271916 0.000000
 2.400 -1.841210 564.535523 0.000000 0.271983 0.000000
 2.410 -1.877905 564.668016 0.000000 0.272045 0.000000
 2.420 -1.904087 564.775844 0.000000 0.272105 0.000000
 2.430 -1.926993 564.819005 0.000000 0.272164 0.000000
 2.440 -1.964592 564.817142 0.000000 0.272225 0.000000
 2.450 -2.030791 564.832778 0.000000 0.272290 0.000000
 2.460 -2.121363 564.905860 0.000000 0.272362 0.000000
 2.470 -2.213344 565.005343 0.000000 0.272440 0.000000
 2.480 -2.280581 565.045891 0.000000 0.272524 0.000000
 2.490 -2.314171 564.956530 0.000000 0.272612 0.000000
 2.500 -2.329691 564.742487 0.000000 0.272703 0.000000
 2.510 -2.352175 564.486160 0.000000 0.272794 0.000000
 2.520 -2.391279 564.286234 0.000000 0.272883 0.000000
 2.530 -2.432411 564.192338 0.000000 0.272969 0.000000
 2.540 -2.454860 564.192042 0.000000 0.273051 0.000000
 2.550 -2.457013 564.243910 0.000000 0.273133 0.000000
 2.560 -2.459762 564.308017 0.000000 0.273215 0.000000
 2.570 -2.485756 564.355098 0.000000 0.273301 0.000000
 2.580 -2.540324 564.374662 0.000000 0.273392 0.000000
 2.590 -2.613500 564.385741 0.000000 0.273489 0.000000
 2.600 -2.693764 564.425376 0.000000 0.273591 0.000000
 2.610 -2.772655 564.512945 0.000000 0.273695 0.000000
 2.620 -2.837340 564.627745 0.000000 0.273795 0.000000
 2.630 -2.867659 564.724672 0.000000 0.273888 0.000000
 2.640 -2.848752 564.766822 0.000000 0.273969 0.000000
 2.650 -2.788051 564.743746 0.000000 0.274035 0.000000
 2.660 -2.716293 564.672442 0.000000 0.274082 0.000000
 2.670 -2.669010 564.590504 0.000000 0.274111 0.000000
 2.680 -2.665833 564.538879 0.000000 0.274120 0.000000
 2.690 -2.703441 564.535704 0.000000 0.274112 0.000000
 2.700 -2.760624 564.563641 0.000000 0.274087 0.000000
 2.710 -2.807349 564.588167 0.000000 0.274046 0.000000
 2.720 -2.816729 564.589720 0.000000 0.273989 0.000000
 2.730 -2.779326 564.575756 0.000000 0.273917 0.000000
 2.740 -2.710366 564.563528 0.000000 0.273832 0.000000
 2.750 -2.640800 564.556876 0.000000 0.273734 0.000000
 2.760 -2.597246 564.541112 0.000000 0.273624 0.000000
 2.770 -2.586189 564.497119 0.000000 0.273505 0.000000
 2.780 -2.593000 564.421377 0.000000 0.273377 0.000000
 2.790 -2.593946 564.338394 0.000000 0.273242 0.000000
 2.800 -2.571542 564.293651 0.000000 0.273101 0.000000
 2.810 -2.523364 564.325109 0.000000 0.272953 0.000000
 2.820 -2.459197 564.433945 0.000000 0.272798 0.000000
 2.830 -2.389122 564.582952 0.000000 0.272636 0.000000
 2.840 -2.312895 564.724497 0.000000 0.272465 0.000000
 2.850 -2.221339 564.830429 0.000000 0.272285 0.000000
 2.860 -2.109540 564.900985 0.000000 0.272095 0.000000
 2.870 -1.987969 564.955071 0.000000 0.271896 0.000000
 2.880 -1.877129 565.014379 0.000000 0.271689 0.000000
 2.890 -1.788431 565.087879 0.000000 0.271475 0.000000
 2.900 -1.711551 565.162106 0.000000 0.271257 0.000000
 2.910 -1.624436 565.204201 0.000000 0.271036 0.000000
 2.920 -1.517467 565.175310 0.000000 0.270815 0.000000
 2.930 -1.405216 565.042522 0.000000 0.270596 0.000000
 2.940 -1.310724 564.785311 0.000000 0.270379 0.000000
 2.950 -1.238454 564.405095 0.000000 0.270168 0.000000
 2.960 -1.167021 563.941429 0.000000 0.269962 0.000000
 2.970 -1.071188 563.480132 0.000000 0.269763 0.000000
 2.980 -0.949055 563.132894 0.000000 0.269574 0.000000
 2.990 -0.825389 562.988183 0.000000 0.269395 0.000000
 3.000 -0.730045 563.064092 0.000000 0.269229 0.000000
 3.010 -0.675798 563.301742 0.000000 0.269078 0.000000
 3.020 -0.655524 563.606741 0.000000 0.268943 0.000000
 3.030 -0.654917 563.903212 0.000000 0.268825 0.000000
 3.040 -0.662712 564.156244 0.000000 0.268724 0.000000
 3.050 -0.669350 564.354709 0.000000 0.268638 0.000000
 3.060 -0.662720 564.487336 0.000000 0.268566 0.000000
 3.070 -0.632488 564.544715 0.000000 0.268506 0.000000
 3.080 -0.580164 564.540523 0.000000 0.268456 0.000000
 3.090 -0.522048 564.515982 0.000000 0.268414 0.000000
 3.100 -0.480061 564.510788 0.000000 0.268378 0.000000
 3.110 -0.468768 564.528879 0.000000 0.268349 0.000000
 3.120 -0.488658 564.539361 0.000000 0.268326 0.000000
 3.130 -0.528375 564.511625 0.000000 0.268310 0.000000
 3.140 -0.573301 564.441538 0.000000 0.268301 0.000000
 3.150 -0.615742 564.341321 0.000000 0.268300 0.000000
 3.160 -0.659412 564.217861 0.000000 0.268307 0.000000
 3.170 -0.712754 564.075759 0.000000 0.268322 0.000000
 3.180 -0.776247 563.936146 0.000000 0.268343 0.000000
 3.190 -0.837610 563.833592 0.000000 0.268369 0.000000
 3.200 -0.881654 563.788155 0.000000 0.268397 0.000000
 3.210 -0.904324 563.791532 0.000000 0.268427 0.000000
 3.220 -0.914955 563.827667 0.000000 0.268458 0.000000
 3.230 -0.924648 563.898863 0.000000 0.268489 0.000000
 3.240 -0.935043 564.022236 0.000000 0.268521 0.000000
 3.250 -0.940173 564.200358 0.000000 0.268555 0.000000
 3.260 -0.937141 564.397876 0.000000 0.268591 0.000000
 3.270 -0.931151 564.549641 0.000000 0.268630 0.000000
 3.280 -0.929926 564.602327 0.000000 0.268672 0.000000
 3.290 -0.937316 564.562193 0.000000 0.268716 0.000000
 3.300 -0.955423 564.502560 0.000000 0.268762 0.000000
 3.310 -0.990878 564.508402 0.000000 0.268809 0.000000
 3.320 -1.053884 564.598461 0.000000 0.268857 0.000000
 3.330 -1.147431 564.701548 0.000000 0.268904 0.000000
 3.340 -1.257673 564.719678 0.000000 0.268950 0.000000
 3.350 -1.358226 564.622470 0.000000 0.268996 0.000000
 3.360 -1.427431 564.478235 0.000000 0.269040 0.000000
 3.370 -1.462599 564.385813 0.000000 0.269084 0.000000
 3.380 -1.477137 564.374763 0.000000 0.269125 0.000000
 3.390 -1.484338 564.380049 0.000000 0.269164 0.000000
 3.400 -1.485026 564.318578 0.000000 0.269198 0.000000
 3.410 -1.470408 564.181482 0.000000 0.269228 0.000000
 3.420 -1.434402 564.043709 0.000000 0.269250 0.000000
 3.430 -1.380688 563.994356 0.000000 0.269266 0.000000
 3.440 -1.318382 564.073620 0.000000 0.269275 0.000000
 3.450 -1.254860 564.268884 0.000000 0.269278 0.000000
 3.460 -1.195636 564.540090 0.000000 0.269277 0.000000
 3.470 -1.148820 564.829584 0.000000 0.269274 0.000000
 3.480 -1.124503 565.062802 0.000000 0.269271 0.000000
 3.490 -1.127069 565.169985 0.000000 0.269267 0.000000
 3.500 -1.148868 565.123629 0.000000 0.269264 0.000000
 3.510 -1.173506 564.956736 0.000000 0.269262 0.000000
 3.520 -1.187295 564.746005 0.000000 0.269258 0.000000
 3.530 -1.188419 564.574294 0.000000 0.269252 0.000000
 3.540 -1.184870 564.492139 0.000000 0.269243 0.000000
 3.550 -1.184591 564.494137 0.000000 0.269232 0.000000
 3.560 -1.190175 564.524389 0.000000 0.269218 0.000000
 3.570 -1.202777 564.512052 0.000000 0.269203 0.000000
 3.580 -1.225809 564.414606 0.000000 0.269188 0.000000
 3.590 -1.260733 564.237726 0.000000 0.269175 0.000000
 3.600 -1.302059 564.020405 0.000000 0.269163 0.000000
 3.610 -1.341071 563.806062 0.000000 0.269153 0.000000
 3.620 -1.372621 563.629908 0.000000 0.269144 0.000000
 3.630 -1.392924 563.525366 0.000000 0.269136 0.000000
 3.640 -1.391705 563.524394 0.000000 0.269127 0.000000
 3.650 -1.354396 563.638936 0.000000 0.269116 0.000000
 3.660 -1.277031 563.843009 0.000000 0.269105 0.000000
 3.670 -1.176159 564.079474 0.000000 0.269092 0.000000
 3.680 -1.079220 564.291392 0.000000 0.269081 0.000000
 3.690 -1.004242 564.455415 0.000000 0.269072 0.000000
 3.700 -0.950432 564.588153 0.000000 0.269067 0.000000
 3.710 -0.907912 564.713582 0.000000 0.269068 0.000000
 3.720 -0.873693 564.820542 0.000000 0.269076 0.000000
 3.730 -0.856533 564.862326 0.000000 0.269092 0.000000
 3.740 -0.867631 564.808316 0.000000 0.269114 0.000000
 3.750 -0.908921 564.688968 0.000000 0.269144 0.000000
 3.760 -0.970654 564.575542 0.000000 0.269178 0.000000
 3.770 -1.038297 564.515225 0.000000 0.269216 0.000000
 3.780 -1.099997 564.495990 0.000000 0.269258 0.000000
 3.790 -1.148670 564.473057 0.000000 0.269301 0.000000
 3.800 -1.181279 564.415192 0.000000 0.269346 0.000000
 3.810 -1.199881 564.321173 0.000000 0.269390 0.000000
 3.820 -1.212461 564.206512 0.000000 0.269435 0.000000
 3.830 -1.228428 564.089863 0.000000 0.269478 0.000000
 3.840 -1.251825 563.991759 0.000000 0.269520 0.000000
 3.850 -1.281655 563.934979 0.000000 0.269558 0.000000
 3.860 -1.319141 563.935370 0.000000 0.269593 0.000000
 3.870 -1.368945 563.987001 0.000000 0.269624 0.000000
 3.880 -1.428553 564.058480 0.000000 0.269651 0.000000
 3.890 -1.479875 564.110955 0.000000 0.269674 0.000000
 3.900 -1.499061 564.123422 0.000000 0.269693 0.000000
 3.910 -1.478076 564.100234 0.000000 0.269710 0.000000
 3.920 -1.434166 564.059175 0.000000 0.269725 0.000000
 3.930 -1.394870 564.020427 0.000000 0.269739 0.000000
 3.940 -1.373327 564.004935 0.000000 0.269754 0.000000
 3.950 -1.359748 564.032995 0.000000 0.269769 0.000000
 3.960 -1.337311 564.119148 0.000000 0.269784 0.000000
 3.970 -1.303812 564.265572 0.000000 0.269799 0.000000
 3.980 -1.274132 564.451050 0.000000 0.269814 0.000000
 3.990 -1.261140 564.622520 0.000000 0.269829 0.000000
 4.000 -1.258609 564.713086 0.000000 0.269842 0.000000
 4.010 -1.247420 564.688027 0.000000 0.269854 0.000000
 4.020 -1.218038 564.574702 0.000000 0.269864 0.000000
 4.030 -1.183232 564.437585 0.000000 0.269871 0.000000
 4.040 -1.167917 564.322553 0.000000 0.269874 0.000000
 4.050 -1.188200 564.231883 0.000000 0.269872 0.000000
 4.060 -1.238702 564.153275 0.000000 0.269865 0.000000
 4.070 -1.295274 564.101599 0.000000 0.269854 0.000000
 4.080 -1.328969 564.118344 0.000000 0.269840 0.000000
 4.090 -1.322939 564.226545 0.000000 0.269825 0.000000
 4.100 -1.281405 564.396004 0.000000 0.269810 0.000000
 4.110 -1.222865 564.563660 0.000000 0.269798 0.000000
 4.120 -1.162989 564.686099 0.000000 0.269790 0.000000
 4.130 -1.104098 564.762954 0.000000 0.269787 0.000000
 4.140 -1.041421 564.812142 0.000000 0.269788 0.000000
 4.150 -0.977504 564.840262 0.000000 0.269794 0.000000
 4.160 -0.927236 564.848041 0.000000 0.269803 0.000000
 4.170 -0.906933 564.853150 0.000000 0.269815 0.000000
 4.180 -0.919236 564.886848 0.000000 0.269831 0.000000
 4.190 -0.951081 564.958309 0.000000 0.269852 0.000000
 4.200 -0.987649 565.024138 0.000000 0.269879 0.000000
 4.210 -1.026577 564.998306 0.000000 0.269914 0.000000
 4.220 -1.076667 564.802823 0.000000 0.269958 0.000000
 4.230 -1.144164 564.428185 0.000000 0.270010 0.000000
 4.240 -1.223028 563.959412 0.000000 0.270069 0.000000
 4.250 -1.297712 563.537966 0.000000 0.270133 0.000000
 4.260 -1.351837 563.279165 0.000000 0.270199 0.000000
 4.270 -1.373997 563.211160 0.000000 0.270262 0.000000
 4.280 -1.360600 563.284339 0.000000 0.270320 0.000000
 4.290 -1.318581 563.429310 0.000000 0.270370 0.000000
 4.300 -1.264960 563.603087 0.000000 0.270412 0.000000
 4.310 -1.218736 563.796980 0.000000 0.270445 0.000000
 4.320 -1.188969 564.024193 0.000000 0.270471 0.000000
 4.330 -1.169515 564.300650 0.000000 0.270493 0.000000
 4.340 -1.145519 564.614372 0.000000 0.270513 0.000000
 4.350 -1.105713 564.901747 0.000000 0.270534 0.000000
 4.360 -1.050954 565.073783 0.000000 0.270559 0.000000
 4.370 -0.994809 565.089538 0.000000 0.270591 0.000000
 4.380 -0.957810 565.000435 0.000000 0.270632 0.000000
 4.390 -0.958282 564.904564 0.000000 0.270682 0.000000
 4.400 -1.002996 564.853808 0.000000 0.270741 0.000000
 4.410 -1.082597 564.815286 0.000000 0.270808 0.000000
 4.420 -1.176271 564.725294 0.000000 0.270881 0.000000
 4.430 -1.264169 564.569447 0.000000 0.270958 0.000000
 4.440 -1.338717 564.400302 0.000000 0.271036 0.000000
 4.450 -1.405203 564.280800 0.000000 0.271111 0.000000
 4.460 -1.470914 564.222907 0.000000 0.271180 0.000000
 4.470 -1.532645 564.186216 0.000000 0.271241 0.000000
 4.480 -1.574178 564.127857 0.000000 0.271290 0.000000
 4.490 -1.577164 564.043891 0.000000 0.271328 0.000000
 4.500 -1.537629 563.963748 0.000000 0.271356 0.000000
 4.510 -1.473501 563.914176 0.000000 0.271375 0.000000
 4.520 -1.413034 563.895036 0.000000 0.271390 0.000000
 4.530 -1.371992 563.890382 0.000000 0.271404 0.000000
 4.540 -1.342897 563.899865 0.000000 0.271422 0.000000
 4.550 -1.309290 563.951680 0.000000 0.271448 0.000000
 4.560 -1.268280 564.074839 0.000000 0.271483 0.000000
 4.570 -1.233956 564.257518 0.000000 0.271528 0.000000
 4.580 -1.219393 564.443098 0.000000 0.271584 0.000000
 4.590 -1.221936 564.574004 0.000000 0.271648 0.000000
 4.600 -1.228964 564.633268 0.000000 0.271720 0.000000
 4.610 -1.233099 564.639297 0.000000 0.271797 0.000000
 4.620 -1.237200 564.612414 0.000000 0.271877 0.000000
 4.630 -1.247508 564.558853 0.000000 0.271957 0.000000
 4.640 -1.267720 564.477882 0.000000 0.272034 0.000000
 4.650 -1.298965 564.366276 0.000000 0.272106 0.000000
 4.660 -1.338881 564.219675 0.000000 0.272170 0.000000
 4.670 -1.377555 564.052100 0.000000 0.272224 0.000000
 4.680 -1.398675 563.919849 0.000000 0.272269 0.000000
 4.690 -1.390107 563.902416 0.000000 0.272305 0.000000
 4.700 -1.354080 564.035713 0.000000 0.272337 0.000000
 4.710 -1.305699 564.265518 0.000000 0.272366 0.000000
 4.720 -1.262127 564.481603 0.000000 0.272396 0.000000
 4.730 -1.233992 564.601367 0.000000 0.272431 0.000000
 4.740 -1.224569 564.616385 0.000000 0.272473 0.000000
 4.750 -1.232373 564.568418 0.000000 0.272521 0.000000
 4.760 -1.252061 564.502163 0.000000 0.272576 0.000000
 4.770 -1.274879 564.444540 0.000000 0.272637 0.000000
 4.780 -1.292833 564.406901 0.000000 0.272701 0.000000
 4.790 -1.305577 564.387837 0.000000 0.272766 0.000000
 4.800 -1.322768 564.379809 0.000000 0.272831 0.000000
 4.810 -1.357095 564.388365 0.000000 0.272894 0.000000
 4.820 -1.413340 564.443493 0.000000 0.272955 0.000000
 4.830 -1.484155 564.576486 0.000000 0.273012 0.000000
 4.840 -1.555723 564.778319 0.000000 0.273065 0.000000
 4.850 -1.615678 564.987165 0.000000 0.273116 0.000000
 4.860 -1.656044 565.121603 0.000000 0.273164 0.000000
 4.870 -1.673236 565.124498 0.000000 0.273210 0.000000
 4.880 -1.669899 564.980726 0.000000 0.273254 0.000000
 4.890 -1.656136 564.711392 0.000000 0.273298 0.000000
 4.900 -1.644405 564.366467 0.000000 0.273340 0.000000
 4.910 -1.640496 564.018989 0.000000 0.273381 0.000000
 4.920 -1.640268 563.746230 0.000000 0.273420 0.000000
 4.930 -1.635783 563.596315 0.000000 0.273456 0.000000
 4.940 -1.622466 563.565158 0.000000 0.273488 0.000000
 4.950 -1.598581 563.609215 0.000000 0.273516 0.000000
 4.960 -1.560876 563.685932 0.000000 0.273540 0.000000
 4.970 -1.506720 563.784376 0.000000 0.273561 0.000000
 4.980 -1.442055 563.921289 0.000000 0.273581 0.000000
 4.990 -1.382702 564.115036 0.000000 0.273602 0.000000
 5.000 -1.344152 564.362349 0.000000 0.273627 0.000000
 5.010 -1.331391 564.625317 0.000000 0.273658 0.000000
 5.020 -1.339969 564.830543 0.000000 0.273694 0.000000
 5.030 -1.363647 564.896895 0.000000 0.273738 0.000000
 5.040 -1.397109 564.795302 0.000000 0.273790 0.000000
 5.050 -1.433019 564.594266 0.000000 0.273849 0.000000
 5.060 -1.462230 564.430260 0.000000 0.273914 0.000000
 5.070 -1.480289 564.408466 0.000000 0.273984 0.000000
 5.080 -1.492524 564.517116 0.000000 0.274059 0.000000
 5.090 -1.510472 564.634593 0.000000 0.274136 0.000000
 5.100 -1.542952 564.627468 0.000000 0.274214 0.000000
 5.110 -1.590601 564.459837 0.000000 0.274293 0.000000
 5.120 -1.647077 564.223464 0.000000 0.274371 0.000000
 5.130 -1.702794 564.063177 0.000000 0.274447 0.000000
 5.140 -1.747311 564.062589 0.000000 0.274519 0.000000
 5.150 -1.770887 564.188698 0.000000 0.274586 0.000000
 5.160 -1.767009 564.335791 0.000000 0.274646 0.000000
 5.170 -1.735341 564.419664 0.000000 0.274700 0.000000
 5.180 -1.682741 564.437550 0.000000 0.274746 0.000000
 5.190 -1.620675 564.448907 0.000000 0.274785 0.000000
 5.200 -1.559995 564.503199 0.000000 0.274818 0.000000
 5.210 -1.506869 564.584267 0.000000 0.274848 0.000000
 5.220 -1.463392 564.622096 0.000000 0.274877 0.000000
 5.230 -1.431762 564.557893 0.000000 0.274907 0.000000
 5.240 -1.416381 564.400154 0.000000 0.274940 0.000000
 5.250 -1.420542 564.223933 0.000000 0.274980 0.000000
 5.260 -1.441759 564.119629 0.000000 0.275026 0.000000
 5.270 -1.472672 564.134438 0.000000 0.275080 0.000000
 5.280 -1.508034 564.246387 0.000000 0.275140 0.000000
 5.290 -1.549957 564.382881 0.000000 0.275207 0.000000
 5.300 -1.604332 564.465808 0.000000 0.275278 0.000000
 5.310 -1.670983 564.452588 0.000000 0.275352 0.000000
 5.320 -1.738197 564.352851 0.000000 0.275426 0.000000
 5.330 -1.789208 564.217588 0.000000 0.275498 0.000000
 5.340 -1.815841 564.107154 0.000000 0.275564 0.000000
 5.350 -1.825365 564.054248 0.000000 0.275623 0.000000
 5.360 -1.832256 564.049623 0.000000 0.275674 0.000000
 5.370 -1.843016 564.066965 0.000000 0.275715 0.000000
 5.380 -1.850423 564.102277 0.000000 0.275747 0.000000
 5.390 -1.842640 564.180247 0.000000 0.275771 0.000000
 5.400 -1.815540 564.317831 0.000000 0.275790 0.000000
 5.410 -1.775200 564.491547 0.000000 0.275804 0.000000
 5.420 -1.731291 564.650865 0.000000 0.275816 0.000000
 5.430 -1.691017 564.758478 0.000000 0.275828 0.000000
 5.440 -1.658289 564.805499 0.000000 0.275839 0.000000
 5.450 -1.635821 564.791434 0.000000 0.275852 0.000000
 5.460 -1.627352 564.713638 0.000000 0.275865 0.000000
 5.470 -1.638141 564.595363 0.000000 0.275881 0.000000
 5.480 -1.671269 564.511691 0.000000 0.275898 0.000000
 5.490 -1.720696 564.551932 0.000000 0.275915 0.000000
 5.500 -1.768338 564.731577 0.000000 0.275934 0.000000
 5.510 -1.791833 564.947671 0.000000 0.275952 0.000000
 5.520 -1.779477 565.044239 0.000000 0.275971 0.000000
 5.530 -1.739942 564.935991 0.000000 0.275990 0.000000
 5.540 -1.697750 564.667773 0.000000 0.276012 0.000000
 5.550 -1.677802 564.354151 0.000000 0.276035 0.000000
 5.560 -1.690901 564.072687 0.000000 0.276062 0.000000
 5.570 -1.729519 563.825375 0.000000 0.276090 0.000000
 5.580 -1.773925 563.593898 0.000000 0.276120 0.000000
 5.590 -1.802434 563.406847 0.000000 0.276150 0.000000
 5.600 -1.800006 563.333833 0.000000 0.276176 0.000000
 5.610 -1.762734 563.416623 0.000000 0.276198 0.000000
 5.620 -1.697418 563.622636 0.000000 0.276214 0.000000
 5.630 -1.616324 563.874327 0.000000 0.276225 0.000000
 5.640 -1.530429 564.115798 0.000000 0.276232 0.000000
 5.650 -1.446688 564.341822 0.000000 0.276238 0.000000
 5.660 -1.370826 564.568725 0.000000 0.276247 0.000000
 5.670 -1.310406 564.790968 0.000000 0.276260 0.000000
 5.680 -1.272719 564.969775 0.000000 0.276281 0.000000
 5.690 -1.259607 565.058356 0.000000 0.276309 0.000000
 5.700 -1.266538 565.035160 0.000000 0.276343 0.000000
 5.710 -1.288594 564.915876 0.000000 0.276382 0.000000
 5.720 -1.326869 564.740303 0.000000 0.276423 0.000000
 5.730 -1.386823 564.552591 0.000000 0.276464 0.000000
 5.740 -1.468519 564.387039 0.000000 0.276503 0.000000
 5.750 -1.557934 564.256649 0.000000 0.276539 0.000000
 5.760 -1.628917 564.149447 0.000000 0.276571 0.000000
 5.770 -1.656289 564.044789 0.000000 0.276598 0.000000
 5.780 -1.629979 563.937477 0.000000 0.276621 0.000000
 5.790 -1.558696 563.838947 0.000000 0.276642 0.000000
 5.800 -1.462797 563.754345 0.000000 0.276661 0.000000
