 0.000 -0.494336 1.909629 0.000000 -0.338246 0.000000
 0.010 -0.535630 1.852529 0.000000 -0.338246 0.000000
 0.020 -0.559312 1.866907 0.000000 -0.338246 0.000000
 0.030 -0.557770 1.947908 0.000000 -0.338246 0.000000
 0.040 -0.536896 2.022752 0.000000 -0.338246 0.000000
 0.050 -0.511355 2.027476 0.000000 -0.338246 0.000000
 0.060 -0.495484 1.963353 0.000000 -0.338246 0.000000
 0.070 -0.495683 1.885351 0.000000 -0.338246 0.000000
 0.080 -0.508114 1.852557 0.000000 -0.338246 0.000000
 0.090 -0.522203 1.889516 0.000000 -0.338246 0.000000
 0.100 -0.528278 1.977352 0.000000 -0.338246 0.000000
 0.110 -0.525184 2.071078 0.000000 -0.338246 0.000000
 0.120 -0.521195 2.131992 0.000000 -0.338246 0.000000
 0.130 -0.525513 2.153163 0.000000 -0.338246 0.000000
 0.140 -0.538333 2.156241 0.000000 -0.338246 0.000000
 0.150 -0.550836 2.165527 0.000000 -0.338246 0.000000
 0.160 -0.554947 2.189611 0.000000 -0.338246 0.000000
 0.170 -0.551066 2.226075 0.000000 -0.338246 0.000000
 0.180 -0.545983 2.272369 0.000000 -0.338246 0.000000
 0.190 -0.545780 2.322703 0.000000 -0.338246 0.000000
 0.200 -0.552153 2.357361 0.000000 -0.338246 0.000000
 0.210 -0.562791 2.347321 0.000000 -0.338246 0.000000
 0.220 -0.571396 2.279542 0.000000 -0.338246 0.000000
 0.230 -0.568370 2.177556 0.000000 -0.338246 0.000000
 0.240 -0.547570 2.089971 0.000000 -0.338246 0.000000
 0.250 -0.515876 2.054129 0.000000 -0.338246 0.000000
 0.260 -0.492528 2.069667 0.000000 -0.338246 0.000000
 0.270 -0.493755 2.103796 0.000000 -0.338246 0.000000
 0.280 -0.517027 2.120052 0.000000 -0.338246 0.000000
 0.290 -0.542256 2.107203 0.000000 -0.338246 0.000000
 0.300 -0.549380 2.086450 0.000000 -0.338246 0.000000
 0.310 -0.535353 2.090087 0.000000 -0.338246 0.000000
 0.320 -0.515485 2.131060 0.000000 -0.338246 0.000000
 0.330 -0.509255 2.193051 0.000000 -0.338246 0.000000
 0.340 -0.523863 2.246241 0.000000 -0.338246 0.000000
 0.350 -0.549876 2.267800 0.000000 -0.338246 0.000000
 0.360 -0.571878 2.252655 0.000000 -0.338246 0.000000
 0.370 -0.582640 2.215185 0.000000 -0.338246 0.000000
 0.380 -0.586324 2.178771 0.000000 -0.338246 0.000000
 0.390 -0.588835 2.153063 0.000000 -0.338246 0.000000
 0.400 -0.588034 2.121317 0.000000 -0.338246 0.000000
 0.410 -0.575988 2.059740 0.000000 -0.338246 0.000000
 0.420 -0.550488 1.972929 0.000000 -0.338246 0.000000
 0.430 -0.521568 1.905555 0.000000 -0.338246 0.000000
 0.440 -0.504407 1.912109 0.000000 -0.338246 0.000000
 0.450 -0.505978 2.007172 0.000000 -0.338246 0.000000
 0.460 -0.519826 2.142378 0.000000 -0.338246 0.000000
 0.470 -0.533320 2.239026 0.000000 -0.338246 0.000000
 0.480 -0.538206 2.249768 0.000000 -0.338246 0.000000
 0.490 -0.534443 2.186919 0.000000 -0.338246 0.000000
 0.500 -0.527011 2.093143 0.000000 -0.338246 0.000000
 0.510 -0.521743 1.997861 0.000000 -0.338246 0.000000
 0.520 -0.523459 1.909256 0.000000 -0.338246 0.000000
 0.530 -0.534645 1.836119 0.000000 -0.338246 0.000000
 0.540 -0.553050 1.798210 0.000000 -0.338246 0.000000
 0.550 -0.570409 1.809708 0.000000 -0.338246 0.000000
 0.560 -0.575901 1.861548 0.000000 -0.338246 0.000000
 0.570 -0.563981 1.927293 0.000000 -0.338246 0.000000
 0.580 -0.540327 1.983494 0.000000 -0.338246 0.000000
 0.590 -0.519174 2.021180 0.000000 -0.338246 0.000000
 0.600 -0.512840 2.043988 0.000000 -0.338246 0.000000
 0.610 -0.522413 2.063214 0.000000 -0.338246 0.000000
 0.620 -0.537845 2.091044 0.000000 -0.338246 0.000000
 0.630 -0.547101 2.126652 0.000000 -0.338246 0.000000
 0.640 -0.546219 2.145250 0.000000 -0.338246 0.000000
 0.650 -0.541408 2.111554 0.000000 -0.338246 0.000000
 0.660 -0.541515 2.016121 0.000000 -0.338246 0.000000
 0.670 -0.548541 1.898001 0.000000 -0.338246 0.000000
 0.680 -0.555981 1.822412 0.000000 -0.338246 0.000000
 0.690 -0.556363 1.831280 0.000000 -0.338246 0.000000
 0.700 -0.549305 1.916418 0.000000 -0.338246 0.000000
 0.710 -0.541238 2.036221 0.000000 -0.338246 0.000000
 0.720 -0.538278 2.146950 0.000000 -0.338246 0.000000
 0.730 -0.541891 2.216317 0.000000 -0.338246 0.000000
 0.740 -0.551402 2.223819 0.000000 -0.338246 0.000000
 0.750 -0.565775 2.165703 0.000000 -0.338246 0.000000
 0.760 -0.579225 2.061082 0.000000 -0.338246 0.000000
 0.770 -0.579699 1.946968 0.000000 -0.338246 0.000000
 0.780 -0.559801 1.864730 0.000000 -0.338246 0.000000
 0.790 -0.529678 1.844457 0.000000 -0.338246 0.000000
 0.800 -0.512065 1.887995 0.000000 -0.338246 0.000000
 0.810 -0.520932 1.961361 0.000000 -0.338246 0.000000
 0.820 -0.547948 2.013642 0.000000 -0.338246 0.000000
 0.830 -0.571377 2.013570 0.000000 -0.338246 0.000000
 0.840 -0.575075 1.969103 0.000000 -0.338246 0.000000
 0.850 -0.558433 1.913677 0.000000 -0.338246 0.000000
 0.860 -0.533409 1.879661 0.000000 -0.338246 0.000000
 0.870 -0.515643 1.883671 0.000000 -0.338246 0.000000
 0.880 -0.514773 1.925782 0.000000 -0.338246 0.000000
 0.890 -0.528020 1.993119 0.000000 -0.338246 0.000000
 0.900 -0.542786 2.063114 0.000000 -0.338246 0.000000
 0.910 -0.547696 2.108173 0.000000 -0.338246 0.000000
 0.920 -0.541335 2.107627 0.000000 -0.338246 0.000000
 0.930 -0.529941 2.066840 0.000000 -0.338246 0.000000
 0.940 -0.518789 2.023840 0.000000 -0.338246 0.000000
 0.950 -0.508376 2.022074 0.000000 -0.338246 0.000000
 0.960 -0.498611 2.066762 0.000000 -0.338246 0.000000
 0.970 -0.494176 2.115453 0.000000 -0.338246 0.000000
 0.980 -0.503049 2.121812 0.000000 -0.338246 0.000000
 0.990 -0.527466 2.086166 0.000000 -0.338246 0.000000
 1.000 -0.556367 2.054501 0.000000 -0.338246 0.000000
 1.010 -0.570744 2.067273 0.000000 -0.338246 0.000000
 1.020 -0.560726 2.115689 0.000000 -0.338246 0.000000
 1.030 -0.536670 2.151510 0.000000 -0.338246 0.000000
 1.040 -0.519598 2.135756 0.000000 -0.338246 0.000000
 1.050 -0.520295 2.071733 0.000000 -0.338246 0.000000
 1.060 -0.530467 1.991379 0.000000 -0.338246 0.000000
 1.070 -0.534131 1.920843 0.000000 -0.338246 0.000000
 1.080 -0.523963 1.869208 0.000000 -0.338246 0.000000
 1.090 -0.505495 1.843499 0.000000 -0.338246 0.000000
 1.100 -0.489141 1.856633 0.000000 -0.338246 0.000000
 1.110 -0.481692 1.912799 0.000000 -0.338246 0.000000
 1.120 -0.484451 1.992012 0.000000 -0.338246 0.000000
 1.130 -0.495541 2.057779 0.000000 -0.338246 0.000000
 1.140 -0.511744 2.082991 0.000000 -0.338246 0.000000
 1.150 -0.529527 2.069220 0.000000 -0.338246 0.000000
 1.160 -0.546315 2.042625 0.000000 -0.338246 0.000000
 1.170 -0.560214 2.033437 0.000000 -0.338246 0.000000
 1.180 -0.567600 2.058365 0.000000 -0.338246 0.000000
 1.190 -0.563389 2.113535 0.000000 -0.338246 0.000000
 1.200 -0.546945 2.172673 0.000000 -0.338246 0.000000
 1.210 -0.526755 2.194454 0.000000 -0.338246 0.000000
 1.220 -0.515353 2.149401 0.000000 -0.338246 0.000000
 1.230 -0.518215 2.051047 0.000000 -0.338246 0.000000
 1.240 -0.529422 1.953859 0.000000 -0.338246 0.000000
 1.250 -0.539227 1.909199 0.000000 -0.338246 0.000000
 1.260 -0.544398 1.920374 0.000000 -0.338246 0.000000
 1.270 -0.549361 1.942460 0.000000 -0.338246 0.000000
 1.280 -0.557648 1.927919 0.000000 -0.338246 0.000000
 1.290 -0.564943 1.875482 0.000000 -0.338246 0.000000
 1.300 -0.563205 1.835362 0.000000 -0.338246 0.000000
 1.310 -0.551480 1.862020 0.000000 -0.338246 0.000000
 1.320 -0.539828 1.957441 0.000000 -0.338246 0.000000
 1.330 -0.540038 2.061513 0.000000 -0.338246 0.000000
 1.340 -0.552466 2.100595 0.000000 -0.338246 0.000000
 1.350 -0.563974 2.048285 0.000000 -0.338246 0.000000
 1.360 -0.560572 1.945164 0.000000 -0.338246 0.000000
 1.370 -0.542069 1.864949 0.000000 -0.338246 0.000000
 1.380 -0.523138 1.856350 0.000000 -0.338246 0.000000
 1.390 -0.519560 1.906043 0.000000 -0.338246 0.000000
 1.400 -0.533897 1.954296 0.000000 -0.338246 0.000000
 1.410 -0.554476 1.952060 0.000000 -0.338246 0.000000
 1.420 -0.567256 1.905825 0.000000 -0.338246 0.000000
 1.430 -0.568056 1.864514 0.000000 -0.338246 0.000000
 1.440 -0.563840 1.864462 0.000000 -0.338246 0.000000
 1.450 -0.563248 1.896275 0.000000 -0.338246 0.000000
 1.460 -0.567094 1.929084 0.000000 -0.338246 0.000000
 1.470 -0.568895 1.953809 0.000000 -0.338246 0.000000
 1.480 -0.563745 1.985803 0.000000 -0.338246 0.000000
 1.490 -0.554407 2.030628 0.000000 -0.338246 0.000000
 1.500 -0.547907 2.069591 0.000000 -0.338246 0.000000
 1.510 -0.548238 2.083743 0.000000 -0.338246 0.000000
 1.520 -0.553996 2.074804 0.000000 -0.338246 0.000000
 1.530 -0.561067 2.057079 0.000000 -0.338246 0.000000
 1.540 -0.564432 2.044518 0.000000 -0.338246 0.000000
 1.550 -0.558331 2.049980 0.000000 -0.338246 0.000000
 1.560 -0.539407 2.078997 0.000000 -0.338246 0.000000
 1.570 -0.511886 2.114826 0.000000 -0.338246 0.000000
 1.580 -0.486801 2.123883 0.000000 -0.338246 0.000000
 1.590 -0.473221 2.088650 0.000000 -0.338246 0.000000
 1.600 -0.471303 2.030338 0.000000 -0.338246 0.000000
 1.610 -0.475464 1.992581 0.000000 -0.338246 0.000000
 1.620 -0.482306 2.004564 0.000000 -0.338246 0.000000
 1.630 -0.492692 2.058745 0.000000 -0.338246 0.000000
 1.640 -0.507387 2.117457 0.000000 -0.338246 0.000000
 1.650 -0.524075 2.140857 0.000000 -0.338246 0.000000
 1.660 -0.539018 2.115553 0.000000 -0.338246 0.000000
 1.670 -0.548921 2.059901 0.000000 -0.338246 0.000000
 1.680 -0.550288 2.002624 0.000000 -0.338246 0.000000
 1.690 -0.540030 1.960210 0.000000 -0.338246 0.000000
 1.700 -0.520296 1.933980 0.000000 -0.338246 0.000000
 1.710 -0.502279 1.918614 0.000000 -0.338246 0.000000
 1.720 -0.500831 1.908042 0.000000 -0.338246 0.000000
 1.730 -0.521574 1.899625 0.000000 -0.338246 0.000000
 1.740 -0.553646 1.895947 0.000000 -0.338246 0.000000
 1.750 -0.577335 1.897318 0.000000 -0.338246 0.000000
 1.760 -0.579548 1.895770 0.000000 -0.338246 0.000000
 1.770 -0.562066 1.889131 0.000000 -0.338246 0.000000
 1.780 -0.537281 1.899551 0.000000 -0.338246 0.000000
 1.790 -0.518746 1.959926 0.000000 -0.338246 0.000000
 1.800 -0.514097 2.074794 0.000000 -0.338246 0.000000
 1.810 -0.521839 2.206369 0.000000 -0.338246 0.000000
 1.820 -0.532710 2.304937 0.000000 -0.338246 0.000000
 1.830 -0.537288 2.343903 0.000000 -0.338246 0.000000
 1.840 -0.535092 2.324200 0.000000 -0.338246 0.000000
 1.850 -0.534649 2.261841 0.000000 -0.338246 0.000000
 1.860 -0.542313 2.181800 0.000000 -0.338246 0.000000
 1.870 -0.552894 2.110427 0.000000 -0.338246 0.000000
 1.880 -0.554968 2.056438 0.000000 -0.338246 0.000000
 1.890 -0.545235 2.002833 0.000000 -0.338246 0.000000
 1.900 -0.533706 1.932118 0.000000 -0.338246 0.000000
 1.910 -0.532650 1.861407 0.000000 -0.338246 0.000000
 1.920 -0.542679 1.841045 0.000000 -0.338246 0.000000
 1.930 -0.552705 1.909651 0.000000 -0.338246 0.000000
 1.940 -0.553303 2.050535 0.000000 -0.338246 0.000000
 1.950 -0.547355 2.195493 0.000000 -0.338246 0.000000
 1.960 -0.545727 2.273809 0.000000 -0.338246 0.000000
 1.970 -0.553758 2.261052 0.000000 -0.338246 0.000000
 1.980 -0.565380 2.186609 0.000000 -0.338246 0.000000
 1.990 -0.571932 2.101156 0.000000 -0.338246 0.000000
 2.000 -0.573524 2.038680 0.000000 -0.338246 0.000000
 2.010 -0.577452 2.003236 0.000000 -0.338246 0.000000
 2.020 -0.586219 1.982946 0.000000 -0.338246 0.000000
 2.030 -0.592234 1.971601 0.000000 -0.338246 0.000000
 2.040 -0.586683 1.974916 0.000000 -0.338246 0.000000
 2.050 -0.570585 1.995209 0.000000 -0.338246 0.000000
 2.060 -0.554119 2.013873 0.000000 -0.338246 0.000000
 2.070 -0.546389 1.998734 0.000000 -0.338246 0.000000
 2.080 -0.548340 1.936887 0.000000 -0.338246 0.000000
 2.090 -0.554678 1.858419 0.000000 -0.338246 0.000000
 2.100 -0.559303 1.818754 0.000000 -0.338246 0.000000
 2.110 -0.558093 1.851906 0.000000 -0.338246 0.000000
 2.120 -0.549973 1.941782 0.000000 -0.338246 0.000000
 2.130 -0.538646 2.040302 0.000000 -0.338246 0.000000
 2.140 -0.531880 2.110352 0.000000 -0.338246 0.000000
 2.150 -0.535502 2.146907 0.000000 -0.338246 0.000000
 2.160 -0.548074 2.158998 0.000000 -0.338246 0.000000
 2.170 -0.563679 2.144054 0.000000 -0.338246 0.000000
 2.180 -0.578433 2.092826 0.000000 -0.338246 0.000000
 2.190 -0.590451 2.016325 0.000000 -0.338246 0.000000
 2.200 -0.594636 1.951200 0.000000 -0.338246 0.000000
 2.210 -0.583745 1.928684 0.000000 -0.338246 0.000000
 2.220 -0.558102 1.943668 0.000000 -0.338246 0.000000
 2.230 -0.531503 1.962188 0.000000 -0.338246 0.000000
 2.240 -0.522367 1.958085 0.000000 -0.338246 0.000000
 2.250 -0.535986 1.935625 0.000000 -0.338246 0.000000
 2.260 -0.556636 1.914854 0.000000 -0.338246 0.000000
 2.270 -0.561115 1.903563 0.000000 -0.338246 0.000000
 2.280 -0.541865 1.893880 0.000000 -0.338246 0.000000
 2.290 -0.514326 1.884323 0.000000 -0.338246 0.000000
 2.300 -0.500100 1.891719 0.000000 -0.338246 0.000000
 2.310 -0.505935 1.932372 0.000000 -0.338246 0.000000
 2.320 -0.521523 1.994313 0.000000 -0.338246 0.000000
 2.330 -0.534012 2.034886 0.000000 -0.338246 0.000000
 2.340 -0.539442 2.010699 0.000000 -0.338246 0.000000
 2.350 -0.541136 1.916134 0.000000 -0.338246 0.000000
 2.360 -0.542844 1.797703 0.000000 -0.338246 0.000000
 2.370 -0.546232 1.727575 0.000000 -0.338246 0.000000
 2.380 -0.552177 1.752157 0.000000 -0.338246 0.000000
 2.390 -0.560372 1.856654 0.000000 -0.338246 0.000000
 2.400 -0.566804 1.976027 0.000000 -0.338246 0.000000
 2.410 -0.564232 2.041813 0.000000 -0.338246 0.000000
 2.420 -0.548425 2.024912 0.000000 -0.338246 0.000000
 2.430 -0.524576 1.946938 0.000000 -0.338246 0.000000
 2.440 -0.505380 1.865598 0.000000 -0.338246 0.000000
 2.450 -0.501010 1.849286 0.000000 -0.338246 0.000000
 2.460 -0.511321 1.941323 0.000000 -0.338246 0.000000
 2.470 -0.527798 2.117819 0.000000 -0.338246 0.000000
 2.480 -0.540985 2.276276 0.000000 -0.338246 0.000000
 2.490 -0.544940 2.296117 0.000000 -0.338246 0.000000
 2.500 -0.537721 2.143843 0.000000 -0.338246 0.000000
 2.510 -0.522415 1.921543 0.000000 -0.338246 0.000000
 2.520 -0.508180 1.789514 0.000000 -0.338246 0.000000
 2.530 -0.505324 1.823504 0.000000 -0.338246 0.000000
 2.540 -0.515196 1.948765 0.000000 -0.338246 0.000000
 2.550 -0.526760 2.019790 0.000000 -0.338246 0.000000
 2.560 -0.527457 1.960966 0.000000 -0.338246 0.000000
 2.570 -0.517426 1.824774 0.000000 -0.338246 0.000000
 2.580 -0.509494 1.723010 0.000000 -0.338246 0.000000
 2.590 -0.514714 1.718371 0.000000 -0.338246 0.000000
 2.600 -0.531112 1.782537 0.000000 -0.338246 0.000000
 2.610 -0.547206 1.840273 0.000000 -0.338246 0.000000
 2.620 -0.553031 1.842007 0.000000 -0.338246 0.000000
 2.630 -0.546314 1.802863 0.000000 -0.338246 0.000000
 2.640 -0.531782 1.785002 0.000000 -0.338246 0.000000
 2.650 -0.518570 1.840722 0.000000 -0.338246 0.000000
 2.660 -0.516955 1.963001 0.000000 -0.338246 0.000000
 2.670 -0.532482 2.090659 0.000000 -0.338246 0.000000
 2.680 -0.560141 2.165931 0.000000 -0.338246 0.000000
 2.690 -0.585540 2.182975 0.000000 -0.338246 0.000000
 2.700 -0.594822 2.177226 0.000000 -0.338246 0.000000
 2.710 -0.585161 2.179859 0.000000 -0.338246 0.000000
 2.720 -0.565629 2.194194 0.000000 -0.338246 0.000000
 2.730 -0.547873 2.205370 0.000000 -0.338246 0.000000
 2.740 -0.536822 2.195102 0.000000 -0.338246 0.000000
 2.750 -0.530351 2.150223 0.000000 -0.338246 0.000000
 2.760 -0.525526 2.073761 0.000000 -0.338246 0.000000
 2.770 -0.522701 1.992626 0.000000 -0.338246 0.000000
 2.780 -0.523894 1.945561 0.000000 -0.338246 0.000000
 2.790 -0.528833 1.956219 0.000000 -0.338246 0.000000
 2.800 -0.533450 2.015976 0.000000 -0.338246 0.000000
 2.810 -0.533269 2.090251 0.000000 -0.338246 0.000000
 2.820 -0.529300 2.139391 0.000000 -0.338246 0.000000
 2.830 -0.528767 2.138979 0.000000 -0.338246 0.000000
 2.840 -0.536943 2.091468 0.000000 -0.338246 0.000000
 2.850 -0.549166 2.024769 0.000000 -0.338246 0.000000
 2.860 -0.554739 1.975388 0.000000 -0.338246 0.000000
 2.870 -0.548683 1.964539 0.000000 -0.338246 0.000000
 2.880 -0.535896 1.985846 0.000000 -0.338246 0.000000
 2.890 -0.523602 2.014078 0.000000 -0.338246 0.000000
 2.900 -0.514275 2.023975 0.000000 -0.338246 0.000000
 2.910 -0.507600 2.003411 0.000000 -0.338246 0.000000
 2.920 -0.504878 1.958296 0.000000 -0.338246 0.000000
 2.930 -0.507811 1.913240 0.000000 -0.338246 0.000000
 2.940 -0.515303 1.903717 0.000000 -0.338246 0.000000
 2.950 -0.524919 1.953535 0.000000 -0.338246 0.000000
 2.960 -0.536091 2.049516 0.000000 -0.338246 0.000000
 2.970 -0.548832 2.141633 0.000000 -0.338246 0.000000
 2.980 -0.560114 2.179214 0.000000 -0.338246 0.000000
 2.990 -0.564324 2.152203 0.000000 -0.338246 0.000000
 3.000 -0.557735 2.094751 0.000000 -0.338246 0.000000
 3.010 -0.542085 2.049690 0.000000 -0.338246 0.000000
 3.020 -0.524577 2.034778 0.000000 -0.338246 0.000000
 3.030 -0.513837 2.041085 0.000000 -0.338246 0.000000
 3.040 -0.513540 2.052813 0.000000 -0.338246 0.000000
 3.050 -0.520027 2.061683 0.000000 -0.338246 0.000000
 3.060 -0.528466 2.065762 0.000000 -0.338246 0.000000
 3.070 -0.540332 2.062900 0.000000 -0.338246 0.000000
 3.080 -0.560573 2.052063 0.000000 -0.338246 0.000000
 3.090 -0.586836 2.040659 0.000000 -0.338246 0.000000
 3.100 -0.606333 2.041155 0.000000 -0.338246 0.000000
 3.110 -0.606957 2.052190 0.000000 -0.338246 0.000000
 3.120 -0.589654 2.048140 0.000000 -0.338246 0.000000
 3.130 -0.566964 2.000632 0.000000 -0.338246 0.000000
 3.140 -0.550305 1.915228 0.000000 -0.338246 0.000000
 3.150 -0.541306 1.838856 0.000000 -0.338246 0.000000
 3.160 -0.535182 1.821438 0.000000 -0.338246 0.000000
 3.170 -0.529345 1.869467 0.000000 -0.338246 0.000000
 3.180 -0.526468 1.942880 0.000000 -0.338246 0.000000
 3.190 -0.529428 1.998135 0.000000 -0.338246 0.000000
 3.200 -0.535025 2.026216 0.000000 -0.338246 0.000000
 3.210 -0.534968 2.043138 0.000000 -0.338246 0.000000
 3.220 -0.524705 2.053593 0.000000 -0.338246 0.000000
 3.230 -0.510311 2.042848 0.000000 -0.338246 0.000000
 3.240 -0.503851 2.008264 0.000000 -0.338246 0.000000
 3.250 -0.511074 1.979662 0.000000 -0.338246 0.000000
 3.260 -0.525723 1.990051 0.000000 -0.338246 0.000000
 3.270 -0.536664 2.032360 0.000000 -0.338246 0.000000
 3.280 -0.538027 2.064018 0.000000 -0.338246 0.000000
 3.290 -0.531271 2.055686 0.000000 -0.338246 0.000000
 3.300 -0.520970 2.018703 0.000000 -0.338246 0.000000
 3.310 -0.511891 1.980394 0.000000 -0.338246 0.000000
 3.320 -0.507817 1.952445 0.000000 -0.338246 0.000000
 3.330 -0.509014 1.937918 0.000000 -0.338246 0.000000
 3.340 -0.511149 1.952319 0.000000 -0.338246 0.000000
 3.350 -0.509940 2.010004 0.000000 -0.338246 0.000000
 3.360 -0.507364 2.087806 0.000000 -0.338246 0.000000
 3.370 -0.510520 2.125300 0.000000 -0.338246 0.000000
 3.380 -0.522774 2.078917 0.000000 -0.338246 0.000000
 3.390 -0.537844 1.973032 0.000000 -0.338246 0.000000
 3.400 -0.544938 1.885764 0.000000 -0.338246 0.000000
 3.410 -0.539375 1.878564 0.000000 -0.338246 0.000000
 3.420 -0.526715 1.941617 0.000000 -0.338246 0.000000
 3.430 -0.517190 2.009967 0.000000 -0.338246 0.000000
 3.440 -0.517617 2.029507 0.000000 -0.338246 0.000000
 3.450 -0.527674 2.003312 0.000000 -0.338246 0.000000
 3.460 -0.541500 1.977036 0.000000 -0.338246 0.000000
 3.470 -0.552254 1.987101 0.000000 -0.338246 0.000000
 3.480 -0.556005 2.025621 0.000000 -0.338246 0.000000
 3.490 -0.551795 2.052599 0.000000 -0.338246 0.000000
 3.500 -0.539316 2.042574 0.000000 -0.338246 0.000000
 3.510 -0.519332 2.021910 0.000000 -0.338246 0.000000
 3.520 -0.497301 2.053017 0.000000 -0.338246 0.000000
 3.530 -0.483160 2.166465 0.000000 -0.338246 0.000000
 3.540 -0.483353 2.305784 0.000000 -0.338246 0.000000
 3.550 -0.493128 2.357250 0.000000 -0.338246 0.000000
 3.560 -0.500238 2.252390 0.000000 -0.338246 0.000000
 3.570 -0.497819 2.040651 0.000000 -0.338246 0.000000
 3.580 -0.491555 1.851826 0.000000 -0.338246 0.000000
 3.590 -0.492763 1.786227 0.000000 -0.338246 0.000000
 3.600 -0.506771 1.842440 0.000000 -0.338246 0.000000
 3.610 -0.530654 1.939419 0.000000 -0.338246 0.000000
 3.620 -0.560068 1.992834 0.000000 -0.338246 0.000000
 3.630 -0.592650 1.974284 0.000000 -0.338246 0.000000
 3.640 -0.623071 1.917489 0.000000 -0.338246 0.000000
 3.650 -0.639858 1.877824 0.000000 -0.338246 0.000000
 3.660 -0.632621 1.878912 0.000000 -0.338246 0.000000
 3.670 -0.602680 1.892515 0.000000 -0.338246 0.000000
 3.680 -0.564321 1.873948 0.000000 -0.338246 0.000000
 3.690 -0.535291 1.817679 0.000000 -0.338246 0.000000
 3.700 -0.526128 1.769911 0.000000 -0.338246 0.000000
 3.710 -0.536226 1.782146 0.000000 -0.338246 0.000000
 3.720 -0.556717 1.859970 0.000000 -0.338246 0.000000
 3.730 -0.576337 1.964204 0.000000 -0.338246 0.000000
 3.740 -0.586787 2.053887 0.000000 -0.338246 0.000000
 3.750 -0.585467 2.114578 0.000000 -0.338246 0.000000
 3.760 -0.575075 2.148602 0.000000 -0.338246 0.000000
 3.770 -0.561328 2.158764 0.000000 -0.338246 0.000000
 3.780 -0.550440 2.152197 0.000000 -0.338246 0.000000
 3.790 -0.547025 2.146048 0.000000 -0.338246 0.000000
 3.800 -0.552522 2.152115 0.000000 -0.338246 0.000000
 3.810 -0.564112 2.159001 0.000000 -0.338246 0.000000
 3.820 -0.574754 2.144145 0.000000 -0.338246 0.000000
 3.830 -0.576230 2.106667 0.000000 -0.338246 0.000000
 3.840 -0.565546 2.076554 0.000000 -0.338246 0.000000
 3.850 -0.549266 2.082351 0.000000 -0.338246 0.000000
 3.860 -0.538947 2.116246 0.000000 -0.338246 0.000000
 3.870 -0.540264 2.142780 0.000000 -0.338246 0.000000
 3.880 -0.547649 2.139334 0.000000 -0.338246 0.000000
 3.890 -0.550968 2.113875 0.000000 -0.338246 0.000000
 3.900 -0.546470 2.081440 0.000000 -0.338246 0.000000
 3.910 -0.539718 2.040127 0.000000 -0.338246 0.000000
 3.920 -0.538390 1.980446 0.000000 -0.338246 0.000000
 3.930 -0.543826 1.908213 0.000000 -0.338246 0.000000
 3.940 -0.549907 1.846915 0.000000 -0.338246 0.000000
 3.950 -0.549351 1.819467 0.000000 -0.338246 0.000000
 3.960 -0.540861 1.829828 0.000000 -0.338246 0.000000
 3.970 -0.530618 1.857332 0.000000 -0.338246 0.000000
 3.980 -0.526840 1.870835 0.000000 -0.338246 0.000000
 3.990 -0.532164 1.859870 0.000000 -0.338246 0.000000
 4.000 -0.540782 1.852815 0.000000 -0.338246 0.000000
 4.010 -0.543461 1.889920 0.000000 -0.338246 0.000000
 4.020 -0.536176 1.971167 0.000000 -0.338246 0.000000
 4.030 -0.523897 2.042493 0.000000 -0.338246 0.000000
 4.040 -0.515861 2.046162 0.000000 -0.338246 0.000000
 4.050 -0.517792 1.980351 0.000000 -0.338246 0.000000
 4.060 -0.529062 1.898059 0.000000 -0.338246 0.000000
 4.070 -0.545843 1.850844 0.000000 -0.338246 0.000000
 4.080 -0.564756 1.847047 0.000000 -0.338246 0.000000
 4.090 -0.583098 1.864553 0.000000 -0.338246 0.000000
 4.100 -0.597361 1.887252 0.000000 -0.338246 0.000000
 4.110 -0.603513 1.917977 0.000000 -0.338246 0.000000
 4.120 -0.599306 1.961990 0.000000 -0.338246 0.000000
 4.130 -0.585935 2.009683 0.000000 -0.338246 0.000000
 4.140 -0.567191 2.040077 0.000000 -0.338246 0.000000
 4.150 -0.547452 2.036936 0.000000 -0.338246 0.000000
 4.160 -0.530859 1.996469 0.000000 -0.338246 0.000000
 4.170 -0.521284 1.923961 0.000000 -0.338246 0.000000
 4.180 -0.520221 1.834516 0.000000 -0.338246 0.000000
 4.190 -0.523136 1.759528 0.000000 -0.338246 0.000000
 4.200 -0.520534 1.740703 0.000000 -0.338246 0.000000
 4.210 -0.506908 1.806059 0.000000 -0.338246 0.000000
 4.220 -0.488981 1.948870 0.000000 -0.338246 0.000000
 4.230 -0.481473 2.127749 0.000000 -0.338246 0.000000
 4.240 -0.492729 2.282802 0.000000 -0.338246 0.000000
 4.250 -0.516174 2.357616 0.000000 -0.338246 0.000000
 4.260 -0.536998 2.324978 0.000000 -0.338246 0.000000
 4.270 -0.545586 2.206332 0.000000 -0.338246 0.000000
 4.280 -0.543379 2.063897 0.000000 -0.338246 0.000000
 4.290 -0.537488 1.962224 0.000000 -0.338246 0.000000
 4.300 -0.531900 1.927461 0.000000 -0.338246 0.000000
 4.310 -0.524416 1.936920 0.000000 -0.338246 0.000000
 4.320 -0.511506 1.945427 0.000000 -0.338246 0.000000
 4.330 -0.495447 1.926579 0.000000 -0.338246 0.000000
 4.340 -0.485856 1.895783 0.000000 -0.338246 0.000000
 4.350 -0.492788 1.893599 0.000000 -0.338246 0.000000
 4.360 -0.517092 1.941401 0.000000 -0.338246 0.000000
 4.370 -0.547645 2.013630 0.000000 -0.338246 0.000000
 4.380 -0.569557 2.061163 0.000000 -0.338246 0.000000
 4.390 -0.576268 2.063878 0.000000 -0.338246 0.000000
 4.400 -0.573306 2.050883 0.000000 -0.338246 0.000000
 4.410 -0.569975 2.062999 0.000000 -0.338246 0.000000
 4.420 -0.568692 2.103244 0.000000 -0.338246 0.000000
 4.430 -0.563930 2.133714 0.000000 -0.338246 0.000000
 4.440 -0.550975 2.118206 0.000000 -0.338246 0.000000
 4.450 -0.533508 2.059617 0.000000 -0.338246 0.000000
 4.460 -0.521184 1.996194 0.000000 -0.338246 0.000000
 4.470 -0.520403 1.968865 0.000000 -0.338246 0.000000
 4.480 -0.528794 1.992494 0.000000 -0.338246 0.000000
 4.490 -0.538636 2.046917 0.000000 -0.338246 0.000000
 4.500 -0.544054 2.085777 0.000000 -0.338246 0.000000
 4.510 -0.544489 2.062389 0.000000 -0.338246 0.000000
 4.520 -0.543403 1.968933 0.000000 -0.338246 0.000000
 4.530 -0.545945 1.860378 0.000000 -0.338246 0.000000
 4.540 -0.556747 1.823387 0.000000 -0.338246 0.000000
 4.550 -0.576279 1.897475 0.000000 -0.338246 0.000000
 4.560 -0.597593 2.024351 0.000000 -0.338246 0.000000
 4.570 -0.608792 2.092725 0.000000 -0.338246 0.000000
 4.580 -0.601117 2.043177 0.000000 -0.338246 0.000000
 4.590 -0.574796 1.922690 0.000000 -0.338246 0.000000
 4.600 -0.537779 1.833895 0.000000 -0.338246 0.000000
 4.610 -0.501865 1.841127 0.000000 -0.338246 0.000000
 4.620 -0.480421 1.928878 0.000000 -0.338246 0.000000
 4.630 -0.484273 2.035434 0.000000 -0.338246 0.000000
 4.640 -0.514338 2.109835 0.000000 -0.338246 0.000000
 4.650 -0.558784 2.138100 0.000000 -0.338246 0.000000
 4.660 -0.600260 2.130547 0.000000 -0.338246 0.000000
 4.670 -0.626132 2.098582 0.000000 -0.338246 0.000000
 4.680 -0.632055 2.049572 0.000000 -0.338246 0.000000
 4.690 -0.619534 2.000352 0.000000 -0.338246 0.000000
 4.700 -0.593977 1.983891 0.000000 -0.338246 0.000000
 4.710 -0.564358 2.029385 0.000000 -0.338246 0.000000
 4.720 -0.540745 2.130341 0.000000 -0.338246 0.000000
 4.730 -0.529121 2.237655 0.000000 -0.338246 0.000000
 4.740 -0.528001 2.292817 0.000000 -0.338246 0.000000
 4.750 -0.530944 2.271420 0.000000 -0.338246 0.000000
 4.760 -0.533284 2.195867 0.000000 -0.338246 0.000000
 4.770 -0.536576 2.113210 0.000000 -0.338246 0.000000
 4.780 -0.545719 2.065813 0.000000 -0.338246 0.000000
 4.790 -0.561280 2.072789 0.000000 -0.338246 0.000000
 4.800 -0.575870 2.122972 0.000000 -0.338246 0.000000
 4.810 -0.579920 2.182557 0.000000 -0.338246 0.000000
 4.820 -0.571045 2.216654 0.000000 -0.338246 0.000000
 4.830 -0.556161 2.208055 0.000000 -0.338246 0.000000
 4.840 -0.544426 2.160374 0.000000 -0.338246 0.000000
 4.850 -0.540297 2.091710 0.000000 -0.338246 0.000000
 4.860 -0.543903 2.025964 0.000000 -0.338246 0.000000
 4.870 -0.554470 1.980338 0.000000 -0.338246 0.000000
 4.880 -0.569131 1.954337 0.000000 -0.338246 0.000000
 4.890 -0.579062 1.933365 0.000000 -0.338246 0.000000
 4.900 -0.572618 1.907446 0.000000 -0.338246 0.000000
 4.910 -0.547379 1.886955 0.000000 -0.338246 0.000000
 4.920 -0.517787 1.896921 0.000000 -0.338246 0.000000
 4.930 -0.505194 1.951621 0.000000 -0.338246 0.000000
 4.940 -0.517659 2.033029 0.000000 -0.338246 0.000000
 4.950 -0.542241 2.097055 0.000000 -0.338246 0.000000
 4.960 -0.559176 2.105555 0.000000 -0.338246 0.000000
 4.970 -0.560995 2.054873 0.000000 -0.338246 0.000000
 4.980 -0.555326 1.975175 0.000000 -0.338246 0.000000
 4.990 -0.551803 1.906735 0.000000 -0.338246 0.000000
 5.000 -0.550760 1.878891 0.000000 -0.338246 0.000000
 5.010 -0.545182 1.901998 0.000000 -0.338246 0.000000
 5.020 -0.531131 1.965974 0.000000 -0.338246 0.000000
 5.030 -0.514665 2.047739 0.000000 -0.338246 0.000000
 5.040 -0.508135 2.130677 0.000000 -0.338246 0.000000
 5.050 -0.519234 2.214100 0.000000 -0.338246 0.000000
 5.060 -0.543405 2.292963 0.000000 -0.338246 0.000000
 5.070 -0.566824 2.337503 0.000000 -0.338246 0.000000
 5.080 -0.576821 2.317095 0.000000 -0.338246 0.000000
 5.090 -0.570836 2.246692 0.000000 -0.338246 0.000000
 5.100 -0.557807 2.185444 0.000000 -0.338246 0.000000
 5.110 -0.551029 2.175932 0.000000 -0.338246 0.000000
 5.120 -0.556715 2.199152 0.000000 -0.338246 0.000000
 5.130 -0.567652 2.202665 0.000000 -0.338246 0.000000
 5.140 -0.569676 2.163358 0.000000 -0.338246 0.000000
 5.150 -0.556298 2.109293 0.000000 -0.338246 0.000000
 5.160 -0.536385 2.085438 0.000000 -0.338246 0.000000
 5.170 -0.526399 2.110485 0.000000 -0.338246 0.000000
 5.180 -0.535260 2.165640 0.000000 -0.338246 0.000000
 5.190 -0.556449 2.213044 0.000000 -0.338246 0.000000
 5.200 -0.573407 2.220360 0.000000 -0.338246 0.000000
 5.210 -0.572958 2.177440 0.000000 -0.338246 0.000000
 5.220 -0.556051 2.101473 0.000000 -0.338246 0.000000
 5.230 -0.536233 2.025748 0.000000 -0.338246 0.000000
 5.240 -0.526033 1.973504 0.000000 -0.338246 0.000000
 5.250 -0.525125 1.939298 0.000000 -0.338246 0.000000
 5.260 -0.524302 1.902356 0.000000 -0.338246 0.000000
 5.270 -0.520032 1.860290 0.000000 -0.338246 0.000000
 5.280 -0.519960 1.841249 0.000000 -0.338246 0.000000
 5.290 -0.531831 1.876002 0.000000 -0.338246 0.000000
 5.300 -0.551027 1.961597 0.000000 -0.338246 0.000000
 5.310 -0.563556 2.058390 0.000000 -0.338246 0.000000
 5.320 -0.561228 2.121712 0.000000 -0.338246 0.000000
 5.330 -0.551149 2.133105 0.000000 -0.338246 0.000000
 5.340 -0.548922 2.104918 0.000000 -0.338246 0.000000
 5.350 -0.562639 2.063520 0.000000 -0.338246 0.000000
 5.360 -0.583761 2.028742 0.000000 -0.338246 0.000000
 5.370 -0.594188 2.001576 0.000000 -0.338246 0.000000
 5.380 -0.583307 1.969967 0.000000 -0.338246 0.000000
 5.390 -0.558633 1.932164 0.000000 -0.338246 0.000000
 5.400 -0.539134 1.911006 0.000000 -0.338246 0.000000
 5.410 -0.537643 1.933739 0.000000 -0.338246 0.000000
 5.420 -0.550084 1.998491 0.000000 -0.338246 0.000000
 5.430 -0.561583 2.072634 0.000000 -0.338246 0.000000
 5.440 -0.561524 2.124204 0.000000 -0.338246 0.000000
 5.450 -0.551628 2.142891 0.000000 -0.338246 0.000000
 5.460 -0.541016 2.131922 0.000000 -0.338246 0.000000
 5.470 -0.536539 2.099033 0.000000 -0.338246 0.000000
 5.480 -0.538664 2.064374 0.000000 -0.338246 0.000000
 5.490 -0.543639 2.060635 0.000000 -0.338246 0.000000
 5.500 -0.546537 2.106503 0.000000 -0.338246 0.000000
 5.510 -0.543034 2.181251 0.000000 -0.338246 0.000000
 5.520 -0.531439 2.235612 0.000000 -0.338246 0.000000
 5.530 -0.514163 2.229406 0.000000 -0.338246 0.000000
 5.540 -0.496130 2.158893 0.000000 -0.338246 0.000000
 5.550 -0.481364 2.057616 0.000000 -0.338246 0.000000
 5.560 -0.471938 1.979602 0.000000 -0.338246 0.000000
 5.570 -0.469944 1.972409 0.000000 -0.338246 0.000000
 5.580 -0.478572 2.044713 0.000000 -0.338246 0.000000
 5.590 -0.500029 2.149815 0.000000 -0.338246 0.000000
 5.600 -0.532598 2.213204 0.000000 -0.338246 0.000000
 5.610 -0.569610 2.194645 0.000000 -0.338246 0.000000
 5.620 -0.600619 2.125583 0.000000 -0.338246 0.000000
 5.630 -0.614818 2.075291 0.000000 -0.338246 0.000000
 5.640 -0.606879 2.078111 0.000000 -0.338246 0.000000
 5.650 -0.582222 2.102939 0.000000 -0.338246 0.000000
 5.660 -0.555974 2.095400 0.000000 -0.338246 0.000000
 5.670 -0.543984 2.037683 0.000000 -0.338246 0.000000
 5.680 -0.552315 1.960712 0.000000 -0.338246 0.000000
 5.690 -0.573929 1.908584 0.000000 -0.338246 0.000000
 5.700 -0.594899 1.902166 0.000000 -0.338246 0.000000
 5.710 -0.604392 1.931766 0.000000 -0.338246 0.000000
 5.720 -0.600053 1.972464 0.000000 -0.338246 0.000000
 5.730 -0.585290 2.003732 0.000000 -0.338246 0.000000
 5.740 -0.563556 2.020832 0.000000 -0.338246 0.000000
 5.750 -0.537454 2.032864 0.000000 -0.338246 0.000000
 5.760 -0.512624 2.049444 0.000000 -0.338246 0.000000
 5.770 -0.498607 2.065210 0.000000 -0.338246 0.000000
 5.780 -0.503319 2.056879 0.000000 -0.338246 0.000000
 5.790 -0.527219 2.002652 0.000000 -0.338246 0.000000
 5.800 -0.562911 1.909667 0.000000 -0.338246 0.000000
