 0.000 -0.925574 3.715609 0.000000 0.884994 0.000000
 0.010 -0.963636 3.657745 0.000000 0.884994 0.000000
 0.020 -0.988560 3.632019 0.000000 0.884994 0.000000
 0.030 -0.991290 3.652419 0.000000 0.884994 0.000000
 0.040 -0.970787 3.702651 0.000000 0.884994 0.000000
 0.050 -0.936680 3.747417 0.000000 0.884994 0.000000
 0.060 -0.906498 3.764126 0.000000 0.884994 0.000000
 0.070 -0.895402 3.759055 0.000000 0.884994 0.000000
 0.080 -0.905564 3.747657 0.000000 0.884994 0.000000
 0.090 -0.925864 3.728880 0.000000 0.884994 0.000000
 0.100 -0.942453 3.689602 0.000000 0.884994 0.000000
 0.110 -0.949720 3.628911 0.000000 0.884994 0.000000
 0.120 -0.952674 3.567074 0.000000 0.884994 0.000000
 0.130 -0.960433 3.530949 0.000000 0.884994 0.000000
 0.140 -0.976398 3.535645 0.000000 0.884994 0.000000
 0.150 -0.993031 3.576120 0.000000 0.884994 0.000000
 0.160 -0.997546 3.628474 0.000000 0.884994 0.000000
 0.170 -0.985014 3.661566 0.000000 0.884994 0.000000
 0.180 -0.965111 3.657801 0.000000 0.884994 0.000000
 0.190 -0.953750 3.626975 0.000000 0.884994 0.000000
 0.200 -0.958040 3.595327 0.000000 0.884994 0.000000
 0.210 -0.970074 3.578694 0.000000 0.884994 0.000000
 0.220 -0.974390 3.571146 0.000000 0.884994 0.000000
 0.230 -0.961209 3.562486 0.000000 0.884994 0.000000
 0.240 -0.934791 3.560895 0.000000 0.884994 0.000000
 0.250 -0.910789 3.591395 0.000000 0.884994 0.000000
 0.260 -0.904184 3.671676 0.000000 0.884994 0.000000
 0.270 -0.917336 3.790878 0.000000 0.884994 0.000000
 0.280 -0.938874 3.909395 0.000000 0.884994 0.000000
 0.290 -0.954403 3.978211 0.000000 0.884994 0.000000
 0.300 -0.958218 3.966572 0.000000 0.884994 0.000000
 0.310 -0.955118 3.883345 0.000000 0.884994 0.000000
 0.320 -0.952926 3.775100 0.000000 0.884994 0.000000
 0.330 -0.955336 3.695051 0.000000 0.884994 0.000000
 0.340 -0.961574 3.664221 0.000000 0.884994 0.000000
 0.350 -0.970230 3.661698 0.000000 0.884994 0.000000
 0.360 -0.980792 3.656347 0.000000 0.884994 0.000000
 0.370 -0.990927 3.645469 0.000000 0.884994 0.000000
 0.380 -0.994183 3.652921 0.000000 0.884994 0.000000
 0.390 -0.983488 3.686181 0.000000 0.884994 0.000000
 0.400 -0.959130 3.708468 0.000000 0.884994 0.000000
 0.410 -0.932581 3.671527 0.000000 0.884994 0.000000
 0.420 -0.919209 3.578401 0.000000 0.884994 0.000000
 0.430 -0.924994 3.498150 0.000000 0.884994 0.000000
 0.440 -0.941683 3.505031 0.000000 0.884994 0.000000
 0.450 -0.956994 3.604334 0.000000 0.884994 0.000000
 0.460 -0.967890 3.723938 0.000000 0.884994 0.000000
 0.470 -0.980264 3.778105 0.000000 0.884994 0.000000
 0.480 -0.996050 3.737671 0.000000 0.884994 0.000000
 0.490 -1.005670 3.643222 0.000000 0.884994 0.000000
 0.500 -0.996948 3.560959 0.000000 0.884994 0.000000
 0.510 -0.970191 3.532849 0.000000 0.884994 0.000000
 0.520 -0.940908 3.562458 0.000000 0.884994 0.000000
 0.530 -0.926441 3.629702 0.000000 0.884994 0.000000
 0.540 -0.931178 3.706198 0.000000 0.884994 0.000000
 0.550 -0.944966 3.762499 0.000000 0.884994 0.000000
 0.560 -0.953717 3.776517 0.000000 0.884994 0.000000
 0.570 -0.950581 3.745737 0.000000 0.884994 0.000000
 0.580 -0.939337 3.693169 0.000000 0.884994 0.000000
 0.590 -0.929602 3.656107 0.000000 0.884994 0.000000
 0.600 -0.928295 3.660004 0.000000 0.884994 0.000000
 0.610 -0.934284 3.698146 0.000000 0.884994 0.000000
 0.620 -0.941256 3.737151 0.000000 0.884994 0.000000
 0.630 -0.945180 3.741498 0.000000 0.884994 0.000000
 0.640 -0.946883 3.693840 0.000000 0.884994 0.000000
 0.650 -0.947273 3.603681 0.000000 0.884994 0.000000
 0.660 -0.943650 3.509176 0.000000 0.884994 0.000000
 0.670 -0.933408 3.463697 0.000000 0.884994 0.000000
 0.680 -0.919815 3.500063 0.000000 0.884994 0.000000
 0.690 -0.911170 3.598489 0.000000 0.884994 0.000000
 0.700 -0.913352 3.696131 0.000000 0.884994 0.000000
 0.710 -0.923655 3.734984 0.000000 0.884994 0.000000
 0.720 -0.932378 3.703467 0.000000 0.884994 0.000000
 0.730 -0.931599 3.637890 0.000000 0.884994 0.000000
 0.740 -0.923658 3.589853 0.000000 0.884994 0.000000
 0.750 -0.920535 3.588250 0.000000 0.884994 0.000000
 0.760 -0.932659 3.622434 0.000000 0.884994 0.000000
 0.770 -0.956811 3.656929 0.000000 0.884994 0.000000
 0.780 -0.975740 3.663375 0.000000 0.884994 0.000000
 0.790 -0.971853 3.640024 0.000000 0.884994 0.000000
 0.800 -0.943181 3.604196 0.000000 0.884994 0.000000
 0.810 -0.906279 3.574356 0.000000 0.884994 0.000000
 0.820 -0.882773 3.565112 0.000000 0.884994 0.000000
 0.830 -0.882239 3.590916 0.000000 0.884994 0.000000
 0.840 -0.896807 3.655213 0.000000 0.884994 0.000000
 0.850 -0.910235 3.726873 0.000000 0.884994 0.000000
 0.860 -0.911515 3.742487 0.000000 0.884994 0.000000
 0.870 -0.902127 3.657596 0.000000 0.884994 0.000000
 0.880 -0.893399 3.504449 0.000000 0.884994 0.000000
 0.890 -0.897512 3.384244 0.000000 0.884994 0.000000
 0.900 -0.918624 3.385453 0.000000 0.884994 0.000000
 0.910 -0.949711 3.508510 0.000000 0.884994 0.000000
 0.920 -0.976958 3.673061 0.000000 0.884994 0.000000
 0.930 -0.988787 3.790056 0.000000 0.884994 0.000000
 0.940 -0.983038 3.822145 0.000000 0.884994 0.000000
 0.950 -0.966587 3.792201 0.000000 0.884994 0.000000
 0.960 -0.948111 3.755329 0.000000 0.884994 0.000000
 0.970 -0.931786 3.758147 0.000000 0.884994 0.000000
 0.980 -0.918575 3.802416 0.000000 0.884994 0.000000
 0.990 -0.911847 3.839694 0.000000 0.884994 0.000000
 1.000 -0.917233 3.814082 0.000000 0.884994 0.000000
 1.010 -0.934299 3.721495 0.000000 0.884994 0.000000
 1.020 -0.951391 3.622443 0.000000 0.884994 0.000000
 1.030 -0.954341 3.587590 0.000000 0.884994 0.000000
 1.040 -0.941567 3.631215 0.000000 0.884994 0.000000
 1.050 -0.926850 3.701438 0.000000 0.884994 0.000000
 1.060 -0.924931 3.729801 0.000000 0.884994 0.000000
 1.070 -0.936986 3.684007 0.000000 0.884994 0.000000
 1.080 -0.952959 3.582194 0.000000 0.884994 0.000000
 1.090 -0.965374 3.475244 0.000000 0.884994 0.000000
 1.100 -0.975102 3.418681 0.000000 0.884994 0.000000
 1.110 -0.983149 3.442123 0.000000 0.884994 0.000000
 1.120 -0.983819 3.525887 0.000000 0.884994 0.000000
 1.130 -0.971697 3.608368 0.000000 0.884994 0.000000
 1.140 -0.952327 3.631708 0.000000 0.884994 0.000000
 1.150 -0.939493 3.588998 0.000000 0.884994 0.000000
 1.160 -0.941267 3.524188 0.000000 0.884994 0.000000
 1.170 -0.952432 3.485758 0.000000 0.884994 0.000000
 1.180 -0.961164 3.488166 0.000000 0.884994 0.000000
 1.190 -0.960548 3.519288 0.000000 0.884994 0.000000
 1.200 -0.953320 3.570446 0.000000 0.884994 0.000000
 1.210 -0.947710 3.644810 0.000000 0.884994 0.000000
 1.220 -0.949570 3.739694 0.000000 0.884994 0.000000
 1.230 -0.957478 3.831374 0.000000 0.884994 0.000000
 1.240 -0.964845 3.879827 0.000000 0.884994 0.000000
 1.250 -0.966481 3.850054 0.000000 0.884994 0.000000
 1.260 -0.962532 3.739850 0.000000 0.884994 0.000000
 1.270 -0.956553 3.594766 0.000000 0.884994 0.000000
 1.280 -0.951615 3.487403 0.000000 0.884994 0.000000
 1.290 -0.948821 3.467922 0.000000 0.884994 0.000000
 1.300 -0.947982 3.530023 0.000000 0.884994 0.000000
 1.310 -0.948735 3.625559 0.000000 0.884994 0.000000
 1.320 -0.951806 3.708247 0.000000 0.884994 0.000000
 1.330 -0.959130 3.758935 0.000000 0.884994 0.000000
 1.340 -0.970623 3.774681 0.000000 0.884994 0.000000
 1.350 -0.980235 3.750825 0.000000 0.884994 0.000000
 1.360 -0.978463 3.688654 0.000000 0.884994 0.000000
 1.370 -0.962146 3.617003 0.000000 0.884994 0.000000
 1.380 -0.940690 3.586655 0.000000 0.884994 0.000000
 1.390 -0.928979 3.628174 0.000000 0.884994 0.000000
 1.400 -0.933397 3.716588 0.000000 0.884994 0.000000
 1.410 -0.947274 3.786658 0.000000 0.884994 0.000000
 1.420 -0.960675 3.788290 0.000000 0.884994 0.000000
 1.430 -0.971373 3.728850 0.000000 0.884994 0.000000
 1.440 -0.983418 3.661972 0.000000 0.884994 0.000000
 1.450 -0.996868 3.634512 0.000000 0.884994 0.000000
 1.460 -1.003543 3.644947 0.000000 0.884994 0.000000
 1.470 -0.994921 3.654405 0.000000 0.884994 0.000000
 1.480 -0.972243 3.633838 0.000000 0.884994 0.000000
 1.490 -0.946511 3.593820 0.000000 0.884994 0.000000
 1.500 -0.929214 3.570598 0.000000 0.884994 0.000000
 1.510 -0.924785 3.592012 0.000000 0.884994 0.000000
 1.520 -0.930808 3.657427 0.000000 0.884994 0.000000
 1.530 -0.941785 3.740218 0.000000 0.884994 0.000000
 1.540 -0.951388 3.803133 0.000000 0.884994 0.000000
 1.550 -0.953884 3.817529 0.000000 0.884994 0.000000
 1.560 -0.946634 3.778705 0.000000 0.884994 0.000000
 1.570 -0.932381 3.707956 0.000000 0.884994 0.000000
 1.580 -0.918788 3.638722 0.000000 0.884994 0.000000
 1.590 -0.914310 3.596463 0.000000 0.884994 0.000000
 1.600 -0.921951 3.587255 0.000000 0.884994 0.000000
 1.610 -0.935597 3.603328 0.000000 0.884994 0.000000
 1.620 -0.944191 3.637630 0.000000 0.884994 0.000000
 1.630 -0.942480 3.687024 0.000000 0.884994 0.000000
 1.640 -0.938099 3.737119 0.000000 0.884994 0.000000
 1.650 -0.945661 3.754039 0.000000 0.884994 0.000000
 1.660 -0.971887 3.710156 0.000000 0.884994 0.000000
 1.670 -1.006823 3.622928 0.000000 0.884994 0.000000
 1.680 -1.030736 3.553596 0.000000 0.884994 0.000000
 1.690 -1.030229 3.555562 0.000000 0.884994 0.000000
 1.700 -1.008613 3.628818 0.000000 0.884994 0.000000
 1.710 -0.982052 3.729740 0.000000 0.884994 0.000000
 1.720 -0.965745 3.814771 0.000000 0.884994 0.000000
 1.730 -0.962540 3.864432 0.000000 0.884994 0.000000
 1.740 -0.963662 3.876057 0.000000 0.884994 0.000000
 1.750 -0.959798 3.853406 0.000000 0.884994 0.000000
 1.760 -0.950970 3.806084 0.000000 0.884994 0.000000
 1.770 -0.945594 3.747229 0.000000 0.884994 0.000000
 1.780 -0.950417 3.688289 0.000000 0.884994 0.000000
 1.790 -0.962322 3.641656 0.000000 0.884994 0.000000
 1.800 -0.971177 3.624983 0.000000 0.884994 0.000000
 1.810 -0.970890 3.650898 0.000000 0.884994 0.000000
 1.820 -0.966055 3.709566 0.000000 0.884994 0.000000
 1.830 -0.966472 3.769517 0.000000 0.884994 0.000000
 1.840 -0.976163 3.800098 0.000000 0.884994 0.000000
 1.850 -0.989193 3.789974 0.000000 0.884994 0.000000
 1.860 -0.995965 3.744651 0.000000 0.884994 0.000000
 1.870 -0.992891 3.676417 0.000000 0.884994 0.000000
 1.880 -0.985829 3.604785 0.000000 0.884994 0.000000
 1.890 -0.983717 3.558638 0.000000 0.884994 0.000000
 1.900 -0.988595 3.559530 0.000000 0.884994 0.000000
 1.910 -0.992953 3.595940 0.000000 0.884994 0.000000
 1.920 -0.987884 3.626323 0.000000 0.884994 0.000000
 1.930 -0.972928 3.619669 0.000000 0.884994 0.000000
 1.940 -0.956851 3.587502 0.000000 0.884994 0.000000
 1.950 -0.949705 3.565459 0.000000 0.884994 0.000000
 1.960 -0.955045 3.568086 0.000000 0.884994 0.000000
 1.970 -0.967921 3.574724 0.000000 0.884994 0.000000
 1.980 -0.977801 3.561294 0.000000 0.884994 0.000000
 1.990 -0.974626 3.536267 0.000000 0.884994 0.000000
 2.000 -0.956227 3.537875 0.000000 0.884994 0.000000
 2.010 -0.931804 3.594077 0.000000 0.884994 0.000000
 2.020 -0.916259 3.686274 0.000000 0.884994 0.000000
 2.030 -0.918833 3.756983 0.000000 0.884994 0.000000
 2.040 -0.936763 3.758974 0.000000 0.884994 0.000000
 2.050 -0.959654 3.698066 0.000000 0.884994 0.000000
 2.060 -0.978794 3.625932 0.000000 0.884994 0.000000
 2.070 -0.991531 3.592042 0.000000 0.884994 0.000000
 2.080 -0.997999 3.603787 0.000000 0.884994 0.000000
 2.090 -0.996628 3.629054 0.000000 0.884994 0.000000
 2.100 -0.985463 3.632602 0.000000 0.884994 0.000000
 2.110 -0.967639 3.611019 0.000000 0.884994 0.000000
 2.120 -0.952363 3.593869 0.000000 0.884994 0.000000
 2.130 -0.947260 3.607536 0.000000 0.884994 0.000000
 2.140 -0.949934 3.638729 0.000000 0.884994 0.000000
 2.150 -0.950360 3.643173 0.000000 0.884994 0.000000
 2.160 -0.943501 3.595257 0.000000 0.884994 0.000000
 2.170 -0.936839 3.521130 0.000000 0.884994 0.000000
 2.180 -0.941387 3.476613 0.000000 0.884994 0.000000
 2.190 -0.955854 3.497904 0.000000 0.884994 0.000000
 2.200 -0.964568 3.575483 0.000000 0.884994 0.000000
 2.210 -0.953772 3.664403 0.000000 0.884994 0.000000
 2.220 -0.927711 3.714622 0.000000 0.884994 0.000000
 2.230 -0.905625 3.706320 0.000000 0.884994 0.000000
 2.240 -0.903558 3.669599 0.000000 0.884994 0.000000
 2.250 -0.921542 3.660914 0.000000 0.884994 0.000000
 2.260 -0.947792 3.705724 0.000000 0.884994 0.000000
 2.270 -0.971087 3.769177 0.000000 0.884994 0.000000
 2.280 -0.986578 3.796389 0.000000 0.884994 0.000000
 2.290 -0.992650 3.777437 0.000000 0.884994 0.000000
 2.300 -0.987558 3.756299 0.000000 0.884994 0.000000
 2.310 -0.971242 3.773435 0.000000 0.884994 0.000000
 2.320 -0.948554 3.815788 0.000000 0.884994 0.000000
 2.330 -0.928594 3.835572 0.000000 0.884994 0.000000
 2.340 -0.920553 3.809999 0.000000 0.884994 0.000000
 2.350 -0.929776 3.764665 0.000000 0.884994 0.000000
 2.360 -0.955415 3.733890 0.000000 0.884994 0.000000
 2.370 -0.989087 3.712816 0.000000 0.884994 0.000000
 2.380 -1.016177 3.663892 0.000000 0.884994 0.000000
 2.390 -1.022873 3.570039 0.000000 0.884994 0.000000
 2.400 -1.006257 3.469431 0.000000 0.884994 0.000000
 2.410 -0.977641 3.427393 0.000000 0.884994 0.000000
 2.420 -0.953161 3.470969 0.000000 0.884994 0.000000
 2.430 -0.939867 3.555298 0.000000 0.884994 0.000000
 2.440 -0.932516 3.601895 0.000000 0.884994 0.000000
 2.450 -0.924555 3.573900 0.000000 0.884994 0.000000
 2.460 -0.919274 3.511330 0.000000 0.884994 0.000000
 2.470 -0.926817 3.489905 0.000000 0.884994 0.000000
 2.480 -0.950839 3.547450 0.000000 0.884994 0.000000
 2.490 -0.981475 3.653259 0.000000 0.884994 0.000000
 2.500 -1.002189 3.745541 0.000000 0.884994 0.000000
 2.510 -1.001374 3.788765 0.000000 0.884994 0.000000
 2.520 -0.977868 3.788421 0.000000 0.884994 0.000000
 2.530 -0.940051 3.759992 0.000000 0.884994 0.000000
 2.540 -0.902204 3.706234 0.000000 0.884994 0.000000
 2.550 -0.878232 3.635724 0.000000 0.884994 0.000000
 2.560 -0.874385 3.586330 0.000000 0.884994 0.000000
 2.570 -0.886970 3.603739 0.000000 0.884994 0.000000
 2.580 -0.907104 3.691466 0.000000 0.884994 0.000000
 2.590 -0.926675 3.796552 0.000000 0.884994 0.000000
 2.600 -0.940520 3.851780 0.000000 0.884994 0.000000
 2.610 -0.946425 3.826176 0.000000 0.884994 0.000000
 2.620 -0.945770 3.736888 0.000000 0.884994 0.000000
 2.630 -0.943410 3.628165 0.000000 0.884994 0.000000
 2.640 -0.944531 3.545638 0.000000 0.884994 0.000000
 2.650 -0.950507 3.516838 0.000000 0.884994 0.000000
 2.660 -0.958211 3.538939 0.000000 0.884994 0.000000
 2.670 -0.963324 3.580499 0.000000 0.884994 0.000000
 2.680 -0.963228 3.600148 0.000000 0.884994 0.000000
 2.690 -0.956855 3.572295 0.000000 0.884994 0.000000
 2.700 -0.944346 3.505578 0.000000 0.884994 0.000000
 2.710 -0.929071 3.443287 0.000000 0.884994 0.000000
 2.720 -0.918635 3.440230 0.000000 0.884994 0.000000
 2.730 -0.920546 3.524388 0.000000 0.884994 0.000000
 2.740 -0.935331 3.669933 0.000000 0.884994 0.000000
 2.750 -0.954951 3.806528 0.000000 0.884994 0.000000
 2.760 -0.969506 3.862267 0.000000 0.884994 0.000000
 2.770 -0.975773 3.811364 0.000000 0.884994 0.000000
 2.780 -0.978693 3.694774 0.000000 0.884994 0.000000
 2.790 -0.984707 3.597073 0.000000 0.884994 0.000000
 2.800 -0.994353 3.587724 0.000000 0.884994 0.000000
 2.810 -1.001246 3.664839 0.000000 0.884994 0.000000
 2.820 -0.997528 3.751678 0.000000 0.884994 0.000000
 2.830 -0.980995 3.759552 0.000000 0.884994 0.000000
 2.840 -0.958500 3.665255 0.000000 0.884994 0.000000
 2.850 -0.941814 3.530333 0.000000 0.884994 0.000000
 2.860 -0.937580 3.446534 0.000000 0.884994 0.000000
 2.870 -0.941062 3.462156 0.000000 0.884994 0.000000
 2.880 -0.942399 3.550778 0.000000 0.884994 0.000000
 2.890 -0.939383 3.636341 0.000000 0.884994 0.000000
 2.900 -0.940411 3.648082 0.000000 0.884994 0.000000
 2.910 -0.952762 3.570054 0.000000 0.884994 0.000000
 2.920 -0.971106 3.455915 0.000000 0.884994 0.000000
 2.930 -0.981556 3.393180 0.000000 0.884994 0.000000
 2.940 -0.976796 3.433956 0.000000 0.884994 0.000000
 2.950 -0.964070 3.547869 0.000000 0.884994 0.000000
 2.960 -0.956791 3.647454 0.000000 0.884994 0.000000
 2.970 -0.959767 3.668275 0.000000 0.884994 0.000000
 2.980 -0.964802 3.623796 0.000000 0.884994 0.000000
 2.990 -0.961101 3.579686 0.000000 0.884994 0.000000
 3.000 -0.948090 3.580781 0.000000 0.884994 0.000000
 3.010 -0.936332 3.610574 0.000000 0.884994 0.000000
 3.020 -0.936944 3.618394 0.000000 0.884994 0.000000
 3.030 -0.952381 3.576369 0.000000 0.884994 0.000000
 3.040 -0.976767 3.507553 0.000000 0.884994 0.000000
 3.050 -1.001310 3.463519 0.000000 0.884994 0.000000
 3.060 -1.017810 3.476529 0.000000 0.884994 0.000000
 3.070 -1.020277 3.531570 0.000000 0.884994 0.000000
 3.080 -1.007146 3.584502 0.000000 0.884994 0.000000
 3.090 -0.982447 3.606148 0.000000 0.884994 0.000000
 3.100 -0.953626 3.604187 0.000000 0.884994 0.000000
 3.110 -0.928073 3.602644 0.000000 0.884994 0.000000
 3.120 -0.911142 3.610497 0.000000 0.884994 0.000000
 3.130 -0.905355 3.618607 0.000000 0.884994 0.000000
 3.140 -0.910126 3.620506 0.000000 0.884994 0.000000
 3.150 -0.922484 3.621524 0.000000 0.884994 0.000000
 3.160 -0.937925 3.624541 0.000000 0.884994 0.000000
 3.170 -0.950400 3.618985 0.000000 0.884994 0.000000
 3.180 -0.953612 3.593148 0.000000 0.884994 0.000000
 3.190 -0.945377 3.552532 0.000000 0.884994 0.000000
 3.200 -0.931209 3.519098 0.000000 0.884994 0.000000
 3.210 -0.921843 3.513512 0.000000 0.884994 0.000000
 3.220 -0.925804 3.538833 0.000000 0.884994 0.000000
 3.230 -0.943536 3.577256 0.000000 0.884994 0.000000
 3.240 -0.967428 3.602828 0.000000 0.884994 0.000000
 3.250 -0.986759 3.603423 0.000000 0.884994 0.000000
 3.260 -0.993868 3.591756 0.000000 0.884994 0.000000
 3.270 -0.987777 3.591331 0.000000 0.884994 0.000000
 3.280 -0.973237 3.612569 0.000000 0.884994 0.000000
 3.290 -0.956894 3.645945 0.000000 0.884994 0.000000
 3.300 -0.944593 3.673819 0.000000 0.884994 0.000000
 3.310 -0.941070 3.681772 0.000000 0.884994 0.000000
 3.320 -0.949056 3.663823 0.000000 0.884994 0.000000
 3.330 -0.966096 3.629940 0.000000 0.884994 0.000000
 3.340 -0.983061 3.608119 0.000000 0.884994 0.000000
 3.350 -0.988944 3.623365 0.000000 0.884994 0.000000
 3.360 -0.979021 3.667089 0.000000 0.884994 0.000000
 3.370 -0.958057 3.697646 0.000000 0.884994 0.000000
 3.380 -0.935428 3.680522 0.000000 0.884994 0.000000
 3.390 -0.918169 3.623957 0.000000 0.884994 0.000000
 3.400 -0.908693 3.570006 0.000000 0.884994 0.000000
 3.410 -0.906405 3.554617 0.000000 0.884994 0.000000
 3.420 -0.908434 3.579404 0.000000 0.884994 0.000000
 3.430 -0.909257 3.616277 0.000000 0.884994 0.000000
 3.440 -0.903404 3.633449 0.000000 0.884994 0.000000
 3.450 -0.891423 3.619413 0.000000 0.884994 0.000000
 3.460 -0.882093 3.587421 0.000000 0.884994 0.000000
 3.470 -0.885609 3.559383 0.000000 0.884994 0.000000
 3.480 -0.903471 3.547404 0.000000 0.884994 0.000000
 3.490 -0.926258 3.552561 0.000000 0.884994 0.000000
 3.500 -0.941672 3.577051 0.000000 0.884994 0.000000
 3.510 -0.944157 3.628038 0.000000 0.884994 0.000000
 3.520 -0.938064 3.705158 0.000000 0.884994 0.000000
 3.530 -0.933913 3.787889 0.000000 0.884994 0.000000
 3.540 -0.941089 3.841616 0.000000 0.884994 0.000000
 3.550 -0.961073 3.841346 0.000000 0.884994 0.000000
 3.560 -0.985992 3.791648 0.000000 0.884994 0.000000
 3.570 -1.004174 3.721187 0.000000 0.884994 0.000000
 3.580 -1.008113 3.655288 0.000000 0.884994 0.000000
 3.590 -0.998821 3.595582 0.000000 0.884994 0.000000
 3.600 -0.984433 3.529179 0.000000 0.884994 0.000000
 3.610 -0.974110 3.456477 0.000000 0.884994 0.000000
 3.620 -0.970527 3.405447 0.000000 0.884994 0.000000
 3.630 -0.967401 3.412355 0.000000 0.884994 0.000000
 3.640 -0.956598 3.483207 0.000000 0.884994 0.000000
 3.650 -0.938738 3.577260 0.000000 0.884994 0.000000
 3.660 -0.924404 3.639197 0.000000 0.884994 0.000000
 3.670 -0.922989 3.651718 0.000000 0.884994 0.000000
 3.680 -0.932064 3.649988 0.000000 0.884994 0.000000
 3.690 -0.939687 3.681920 0.000000 0.884994 0.000000
 3.700 -0.936225 3.760384 0.000000 0.884994 0.000000
 3.710 -0.922563 3.854033 0.000000 0.884994 0.000000
 3.720 -0.908132 3.913971 0.000000 0.884994 0.000000
 3.730 -0.903000 3.905344 0.000000 0.884994 0.000000
 3.740 -0.911380 3.824877 0.000000 0.884994 0.000000
 3.750 -0.929964 3.701952 0.000000 0.884994 0.000000
 3.760 -0.950189 3.584601 0.000000 0.884994 0.000000
 3.770 -0.962468 3.515352 0.000000 0.884994 0.000000
 3.780 -0.961101 3.509586 0.000000 0.884994 0.000000
 3.790 -0.948083 3.550521 0.000000 0.884994 0.000000
 3.800 -0.932854 3.604318 0.000000 0.884994 0.000000
 3.810 -0.926582 3.643847 0.000000 0.884994 0.000000
 3.820 -0.934261 3.662634 0.000000 0.884994 0.000000
 3.830 -0.951275 3.669027 0.000000 0.884994 0.000000
 3.840 -0.968022 3.669623 0.000000 0.884994 0.000000
 3.850 -0.977999 3.661672 0.000000 0.884994 0.000000
 3.860 -0.980813 3.641841 0.000000 0.884994 0.000000
 3.870 -0.978563 3.617586 0.000000 0.884994 0.000000
 3.880 -0.972992 3.606231 0.000000 0.884994 0.000000
 3.890 -0.967585 3.623210 0.000000 0.884994 0.000000
 3.900 -0.968252 3.668410 0.000000 0.884994 0.000000
 3.910 -0.977213 3.716832 0.000000 0.884994 0.000000
 3.920 -0.987625 3.724566 0.000000 0.884994 0.000000
 3.930 -0.989387 3.660684 0.000000 0.884994 0.000000
 3.940 -0.981224 3.546556 0.000000 0.884994 0.000000
 3.950 -0.972988 3.455876 0.000000 0.884994 0.000000
 3.960 -0.974186 3.457354 0.000000 0.884994 0.000000
 3.970 -0.983449 3.550541 0.000000 0.884994 0.000000
 3.980 -0.991612 3.663760 0.000000 0.884994 0.000000
 3.990 -0.992257 3.718217 0.000000 0.884994 0.000000
 4.000 -0.985809 3.692809 0.000000 0.884994 0.000000
 4.010 -0.974895 3.630020 0.000000 0.884994 0.000000
 4.020 -0.960147 3.586397 0.000000 0.884994 0.000000
 4.030 -0.941983 3.581550 0.000000 0.884994 0.000000
 4.040 -0.923681 3.595603 0.000000 0.884994 0.000000
 4.050 -0.909846 3.610913 0.000000 0.884994 0.000000
 4.060 -0.902434 3.640858 0.000000 0.884994 0.000000
 4.070 -0.900758 3.704446 0.000000 0.884994 0.000000
 4.080 -0.905323 3.781958 0.000000 0.884994 0.000000
 4.090 -0.918077 3.819673 0.000000 0.884994 0.000000
 4.100 -0.936723 3.785927 0.000000 0.884994 0.000000
 4.110 -0.951754 3.707499 0.000000 0.884994 0.000000
 4.120 -0.953703 3.640079 0.000000 0.884994 0.000000
 4.130 -0.943749 3.611480 0.000000 0.884994 0.000000
 4.140 -0.934165 3.604849 0.000000 0.884994 0.000000
 4.150 -0.936816 3.593819 0.000000 0.884994 0.000000
 4.160 -0.952200 3.581195 0.000000 0.884994 0.000000
 4.170 -0.970083 3.595206 0.000000 0.884994 0.000000
 4.180 -0.979411 3.650285 0.000000 0.884994 0.000000
 4.190 -0.976941 3.720511 0.000000 0.884994 0.000000
 4.200 -0.967796 3.759231 0.000000 0.884994 0.000000
 4.210 -0.959719 3.745294 0.000000 0.884994 0.000000
 4.220 -0.957555 3.704568 0.000000 0.884994 0.000000
 4.230 -0.962284 3.681286 0.000000 0.884994 0.000000
 4.240 -0.972753 3.689984 0.000000 0.884994 0.000000
 4.250 -0.985722 3.702498 0.000000 0.884994 0.000000
 4.260 -0.994709 3.685299 0.000000 0.884994 0.000000
 4.270 -0.992330 3.642974 0.000000 0.884994 0.000000
 4.280 -0.976403 3.616491 0.000000 0.884994 0.000000
 4.290 -0.953706 3.639665 0.000000 0.884994 0.000000
 4.300 -0.936807 3.704136 0.000000 0.884994 0.000000
 4.310 -0.935967 3.767945 0.000000 0.884994 0.000000
 4.320 -0.951454 3.793587 0.000000 0.884994 0.000000
 4.330 -0.971592 3.776800 0.000000 0.884994 0.000000
 4.340 -0.979948 3.743551 0.000000 0.884994 0.000000
 4.350 -0.968365 3.724274 0.000000 0.884994 0.000000
 4.360 -0.944496 3.730624 0.000000 0.884994 0.000000
 4.370 -0.924989 3.750595 0.000000 0.884994 0.000000
 4.380 -0.920135 3.759900 0.000000 0.884994 0.000000
 4.390 -0.925866 3.741506 0.000000 0.884994 0.000000
 4.400 -0.931030 3.703659 0.000000 0.884994 0.000000
 4.410 -0.930938 3.678730 0.000000 0.884994 0.000000
 4.420 -0.931991 3.692452 0.000000 0.884994 0.000000
 4.430 -0.942771 3.728508 0.000000 0.884994 0.000000
 4.440 -0.962256 3.733089 0.000000 0.884994 0.000000
 4.450 -0.979324 3.665975 0.000000 0.884994 0.000000
 4.460 -0.984728 3.547685 0.000000 0.884994 0.000000
 4.470 -0.980967 3.450514 0.000000 0.884994 0.000000
 4.480 -0.977362 3.439721 0.000000 0.884994 0.000000
 4.490 -0.977363 3.520900 0.000000 0.884994 0.000000
 4.500 -0.976252 3.639616 0.000000 0.884994 0.000000
 4.510 -0.972263 3.727833 0.000000 0.884994 0.000000
 4.520 -0.973424 3.752519 0.000000 0.884994 0.000000
 4.530 -0.987531 3.726801 0.000000 0.884994 0.000000
 4.540 -1.007792 3.682187 0.000000 0.884994 0.000000
 4.550 -1.015628 3.635264 0.000000 0.884994 0.000000
 4.560 -1.000352 3.583444 0.000000 0.884994 0.000000
 4.570 -0.971935 3.530329 0.000000 0.884994 0.000000
 4.580 -0.950448 3.505140 0.000000 0.884994 0.000000
 4.590 -0.945031 3.543749 0.000000 0.884994 0.000000
 4.600 -0.947333 3.644233 0.000000 0.884994 0.000000
 4.610 -0.944453 3.748573 0.000000 0.884994 0.000000
 4.620 -0.933257 3.783454 0.000000 0.884994 0.000000
 4.630 -0.921064 3.728084 0.000000 0.884994 0.000000
 4.640 -0.916942 3.637329 0.000000 0.884994 0.000000
 4.650 -0.925132 3.589768 0.000000 0.884994 0.000000
 4.660 -0.943682 3.614608 0.000000 0.884994 0.000000
 4.670 -0.965265 3.676037 0.000000 0.884994 0.000000
 4.680 -0.980208 3.722572 0.000000 0.884994 0.000000
 4.690 -0.982978 3.734438 0.000000 0.884994 0.000000
 4.700 -0.977414 3.720324 0.000000 0.884994 0.000000
 4.710 -0.973318 3.688624 0.000000 0.884994 0.000000
 4.720 -0.975982 3.640657 0.000000 0.884994 0.000000
 4.730 -0.980722 3.588095 0.000000 0.884994 0.000000
 4.740 -0.980079 3.560800 0.000000 0.884994 0.000000
 4.750 -0.974699 3.587093 0.000000 0.884994 0.000000
 4.760 -0.972867 3.663252 0.000000 0.884994 0.000000
 4.770 -0.978773 3.743559 0.000000 0.884994 0.000000
 4.780 -0.985510 3.767839 0.000000 0.884994 0.000000
 4.790 -0.982851 3.710020 0.000000 0.884994 0.000000
 4.800 -0.969804 3.605809 0.000000 0.884994 0.000000
 4.810 -0.955668 3.530650 0.000000 0.884994 0.000000
 4.820 -0.949319 3.543083 0.000000 0.884994 0.000000
 4.830 -0.951771 3.639667 0.000000 0.884994 0.000000
 4.840 -0.960247 3.758016 0.000000 0.884994 0.000000
 4.850 -0.974364 3.825392 0.000000 0.884994 0.000000
 4.860 -0.993525 3.812974 0.000000 0.884994 0.000000
 4.870 -1.010542 3.750798 0.000000 0.884994 0.000000
 4.880 -1.013926 3.692516 0.000000 0.884994 0.000000
 4.890 -0.998653 3.664496 0.000000 0.884994 0.000000
 4.900 -0.972173 3.649154 0.000000 0.884994 0.000000
 4.910 -0.948159 3.619761 0.000000 0.884994 0.000000
 4.920 -0.935447 3.586911 0.000000 0.884994 0.000000
 4.930 -0.933393 3.596165 0.000000 0.884994 0.000000
 4.940 -0.935946 3.670506 0.000000 0.884994 0.000000
 4.950 -0.938448 3.765843 0.000000 0.884994 0.000000
 4.960 -0.941051 3.801901 0.000000 0.884994 0.000000
 4.970 -0.946915 3.740740 0.000000 0.884994 0.000000
 4.980 -0.957319 3.624927 0.000000 0.884994 0.000000
 4.990 -0.968092 3.535078 0.000000 0.884994 0.000000
 5.000 -0.971169 3.517935 0.000000 0.884994 0.000000
 5.010 -0.960814 3.558172 0.000000 0.884994 0.000000
 5.020 -0.939245 3.607368 0.000000 0.884994 0.000000
 5.030 -0.916280 3.628569 0.000000 0.884994 0.000000
 5.040 -0.902547 3.618768 0.000000 0.884994 0.000000
 5.050 -0.901579 3.601986 0.000000 0.884994 0.000000
 5.060 -0.907970 3.603025 0.000000 0.884994 0.000000
 5.070 -0.913784 3.622017 0.000000 0.884994 0.000000
 5.080 -0.916709 3.634221 0.000000 0.884994 0.000000
 5.090 -0.921079 3.618101 0.000000 0.884994 0.000000
 5.100 -0.931169 3.581928 0.000000 0.884994 0.000000
 5.110 -0.944849 3.559815 0.000000 0.884994 0.000000
 5.120 -0.954349 3.582486 0.000000 0.884994 0.000000
 5.130 -0.953007 3.650611 0.000000 0.884994 0.000000
 5.140 -0.941552 3.731201 0.000000 0.884994 0.000000
 5.150 -0.927960 3.780936 0.000000 0.884994 0.000000
 5.160 -0.920480 3.782647 0.000000 0.884994 0.000000
 5.170 -0.920749 3.762485 0.000000 0.884994 0.000000
 5.180 -0.924649 3.762657 0.000000 0.884994 0.000000
 5.190 -0.929166 3.793252 0.000000 0.884994 0.000000
 5.200 -0.935638 3.821784 0.000000 0.884994 0.000000
 5.210 -0.945453 3.817067 0.000000 0.884994 0.000000
 5.220 -0.955354 3.789253 0.000000 0.884994 0.000000
 5.230 -0.959428 3.770901 0.000000 0.884994 0.000000
 5.240 -0.954856 3.768604 0.000000 0.884994 0.000000
 5.250 -0.944321 3.756542 0.000000 0.884994 0.000000
 5.260 -0.933864 3.719839 0.000000 0.884994 0.000000
 5.270 -0.929616 3.683673 0.000000 0.884994 0.000000
 5.280 -0.934651 3.686191 0.000000 0.884994 0.000000
 5.290 -0.946082 3.730091 0.000000 0.884994 0.000000
 5.300 -0.955629 3.773269 0.000000 0.884994 0.000000
 5.310 -0.955941 3.768785 0.000000 0.884994 0.000000
 5.320 -0.947707 3.708378 0.000000 0.884994 0.000000
 5.330 -0.939845 3.625891 0.000000 0.884994 0.000000
 5.340 -0.941738 3.564387 0.000000 0.884994 0.000000
 5.350 -0.954412 3.543104 0.000000 0.884994 0.000000
 5.360 -0.968683 3.550084 0.000000 0.884994 0.000000
 5.370 -0.972756 3.559005 0.000000 0.884994 0.000000
 5.380 -0.963124 3.552681 0.000000 0.884994 0.000000
 5.390 -0.948222 3.534101 0.000000 0.884994 0.000000
 5.400 -0.940495 3.517410 0.000000 0.884994 0.000000
 5.410 -0.944476 3.511431 0.000000 0.884994 0.000000
 5.420 -0.952696 3.515534 0.000000 0.884994 0.000000
 5.430 -0.953191 3.529007 0.000000 0.884994 0.000000
 5.440 -0.940991 3.555813 0.000000 0.884994 0.000000
 5.450 -0.923075 3.596472 0.000000 0.884994 0.000000
 5.460 -0.913160 3.641825 0.000000 0.884994 0.000000
 5.470 -0.921341 3.681093 0.000000 0.884994 0.000000
 5.480 -0.946488 3.712188 0.000000 0.884994 0.000000
 5.490 -0.976445 3.736601 0.000000 0.884994 0.000000
 5.500 -0.995755 3.745981 0.000000 0.884994 0.000000
 5.510 -0.995735 3.723895 0.000000 0.884994 0.000000
 5.520 -0.980074 3.664808 0.000000 0.884994 0.000000
 5.530 -0.961991 3.584104 0.000000 0.884994 0.000000
 5.540 -0.954894 3.504759 0.000000 0.884994 0.000000
 5.550 -0.963359 3.441517 0.000000 0.884994 0.000000
 5.560 -0.981159 3.404397 0.000000 0.884994 0.000000
 5.570 -0.997103 3.407765 0.000000 0.884994 0.000000
 5.580 -1.002676 3.459238 0.000000 0.884994 0.000000
 5.590 -0.995191 3.536993 0.000000 0.884994 0.000000
 5.600 -0.976453 3.591222 0.000000 0.884994 0.000000
 5.610 -0.950959 3.580049 0.000000 0.884994 0.000000
 5.620 -0.924963 3.506171 0.000000 0.884994 0.000000
 5.630 -0.904872 3.418378 0.000000 0.884994 0.000000
 5.640 -0.895402 3.379839 0.000000 0.884994 0.000000
 5.650 -0.899137 3.429936 0.000000 0.884994 0.000000
 5.660 -0.916296 3.560029 0.000000 0.884994 0.000000
 5.670 -0.942534 3.713636 0.000000 0.884994 0.000000
 5.680 -0.967448 3.817452 0.000000 0.884994 0.000000
 5.690 -0.979198 3.830778 0.000000 0.884994 0.000000
 5.700 -0.973940 3.774735 0.000000 0.884994 0.000000
 5.710 -0.960168 3.711281 0.000000 0.884994 0.000000
 5.720 -0.951196 3.690273 0.000000 0.884994 0.000000
 5.730 -0.952714 3.715032 0.000000 0.884994 0.000000
 5.740 -0.959215 3.753187 0.000000 0.884994 0.000000
 5.750 -0.962765 3.771545 0.000000 0.884994 0.000000
 5.760 -0.962142 3.756852 0.000000 0.884994 0.000000
 5.770 -0.960551 3.709297 0.000000 0.884994 0.000000
 5.780 -0.956956 3.627793 0.000000 0.884994 0.000000
 5.790 -0.945758 3.510236 0.000000 0.884994 0.000000
 5.800 -0.926247 3.366675 0.000000 0.884994 0.000000
