 0.000 0.04806
 0.010 0.04810
 0.020 0.04814
 0.030 0.04817
 0.040 0.04820
 0.050 0.04822
 0.060 0.04824
 0.070 0.04825
 0.080 0.04827
 0.090 0.04828
 0.100 0.04829
 0.110 0.04830
 0.120 0.04830
 0.130 0.04830
 0.140 0.04831
 0.150 0.04831
 0.160 0.04831
 0.170 0.04831
 0.180 0.04831
 0.190 0.04831
 0.200 0.04831
 0.210 0.04831
 0.220 0.04831
 0.230 0.04830
 0.240 0.04830
 0.250 0.04829
 0.260 0.04828
 0.270 0.04827
 0.280 0.04825
 0.290 0.04823
 0.300 0.04821
 0.310 0.04818
 0.320 0.04815
 0.330 0.04812
 0.340 0.04808
 0.350 0.04804
 0.360 0.04800
 0.370 0.04796
 0.380 0.04792
 0.390 0.04787
 0.400 0.04783
 0.410 0.04778
 0.420 0.04773
 0.430 0.04768
 0.440 0.04764
 0.450 0.04759
 0.460 0.04754
 0.470 0.04750
 0.480 0.04746
 0.490 0.04742
 0.500 0.04739
 0.510 0.04736
 0.520 0.04733
 0.530 0.04731
 0.540 0.04729
 0.550 0.04728
 0.560 0.04727
 0.570 0.04727
 0.580 0.04727
 0.590 0.04728
 0.600 0.04730
 0.610 0.04731
 0.620 0.04733
 0.630 0.04736
 0.640 0.04738
 0.650 0.04741
 0.660 0.04745
 0.670 0.04748
 0.680 0.04752
 0.690 0.04755
 0.700 0.04759
 0.710 0.04763
 0.720 0.04767
 0.730 0.04770
 0.740 0.04774
 0.750 0.04778
 0.760 0.04782
 0.770 0.04785
 0.780 0.04789
 0.790 0.04793
 0.800 0.04797
 0.810 0.04801
 0.820 0.04805
 0.830 0.04810
 0.840 0.04814
 0.850 0.04819
 0.860 0.04824
 0.870 0.04829
 0.880 0.04834
 0.890 0.04840
 0.900 0.04846
 0.910 0.04852
 0.920 0.04858
 0.930 0.04865
 0.940 0.04872
 0.950 0.04880
 0.960 0.04888
 0.970 0.04896
 0.980 0.04905
 0.990 0.04915
 1.000 0.04925
 1.010 0.04936
 1.020 0.04947
 1.030 0.04959
 1.040 0.04972
 1.050 0.04984
 1.060 0.04997
 1.070 0.05011
 1.080 0.05024
 1.090 0.05038
 1.100 0.05051
 1.110 0.05064
 1.120 0.05077
 1.130 0.05090
 1.140 0.05102
 1.150 0.05113
 1.160 0.05124
 1.170 0.05134
 1.180 0.05142
 1.190 0.05150
 1.200 0.05157
 1.210 0.05163
 1.220 0.05168
 1.230 0.05171
 1.240 0.05174
 1.250 0.05176
 1.260 0.05178
 1.270 0.05178
 1.280 0.05177
 1.290 0.05176
 1.300 0.05174
 1.310 0.05172
 1.320 0.05169
 1.330 0.05166
 1.340 0.05162
 1.350 0.05158
 1.360 0.05154
 1.370 0.05149
 1.380 0.05144
 1.390 0.05140
 1.400 0.05135
 1.410 0.05130
 1.420 0.05126
 1.430 0.05122
 1.440 0.05117
 1.450 0.05114
 1.460 0.05110
 1.470 0.05107
 1.480 0.05105
 1.490 0.05103
 1.500 0.05101
 1.510 0.05100
 1.520 0.05099
 1.530 0.05099
 1.540 0.05099
 1.550 0.05100
 1.560 0.05101
 1.570 0.05102
 1.580 0.05104
 1.590 0.05105
 1.600 0.05107
 1.610 0.05109
 1.620 0.05110
 1.630 0.05112
 1.640 0.05114
 1.650 0.05116
 1.660 0.05118
 1.670 0.05120
 1.680 0.05122
 1.690 0.05124
 1.700 0.05126
 1.710 0.05127
 1.720 0.05129
 1.730 0.05132
 1.740 0.05134
 1.750 0.05136
 1.760 0.05138
 1.770 0.05139
 1.780 0.05141
 1.790 0.05143
 1.800 0.05145
 1.810 0.05146
 1.820 0.05147
 1.830 0.05148
 1.840 0.05148
 1.850 0.05149
 1.860 0.05149
 1.870 0.05149
 1.880 0.05148
 1.890 0.05147
 1.900 0.05146
 1.910 0.05145
 1.920 0.05143
 1.930 0.05141
 1.940 0.05139
 1.950 0.05136
 1.960 0.05133
 1.970 0.05129
 1.980 0.05126
 1.990 0.05122
 2.000 0.05118
 2.010 0.05113
 2.020 0.05109
 2.030 0.05105
 2.040 0.05101
 2.050 0.05097
 2.060 0.05093
 2.070 0.05089
 2.080 0.05086
 2.090 0.05083
 2.100 0.05081
 2.110 0.05079
 2.120 0.05077
 2.130 0.05075
 2.140 0.05074
 2.150 0.05074
 2.160 0.05073
 2.170 0.05073
 2.180 0.05073
 2.190 0.05074
 2.200 0.05074
 2.210 0.05074
 2.220 0.05075
 2.230 0.05075
 2.240 0.05075
 2.250 0.05075
 2.260 0.05075
 2.270 0.05075
 2.280 0.05075
 2.290 0.05075
 2.300 0.05075
 2.310 0.05075
 2.320 0.05076
 2.330 0.05076
 2.340 0.05077
 2.350 0.05078
 2.360 0.05079
 2.370 0.05080
 2.380 0.05081
 2.390 0.05083
 2.400 0.05085
 2.410 0.05086
 2.420 0.05088
 2.430 0.05090
 2.440 0.05091
 2.450 0.05093
 2.460 0.05094
 2.470 0.05094
 2.480 0.05094
 2.490 0.05094
 2.500 0.05093
 2.510 0.05092
 2.520 0.05090
 2.530 0.05088
 2.540 0.05085
 2.550 0.05081
 2.560 0.05078
 2.570 0.05074
 2.580 0.05070
 2.590 0.05065
 2.600 0.05061
 2.610 0.05056
 2.620 0.05051
 2.630 0.05046
 2.640 0.05041
 2.650 0.05035
 2.660 0.05030
 2.670 0.05025
 2.680 0.05020
 2.690 0.05015
 2.700 0.05011
 2.710 0.05006
 2.720 0.05001
 2.730 0.04997
 2.740 0.04992
 2.750 0.04988
 2.760 0.04983
 2.770 0.04979
 2.780 0.04975
 2.790 0.04970
 2.800 0.04966
 2.810 0.04962
 2.820 0.04958
 2.830 0.04954
 2.840 0.04950
 2.850 0.04946
 2.860 0.04942
 2.870 0.04939
 2.880 0.04935
 2.890 0.04931
 2.900 0.04927
 2.910 0.04923
 2.920 0.04919
 2.930 0.04915
 2.940 0.04911
 2.950 0.04908
 2.960 0.04905
 2.970 0.04903
 2.980 0.04902
 2.990 0.04901
 3.000 0.04902
 3.010 0.04903
 3.020 0.04904
 3.030 0.04907
 3.040 0.04910
 3.050 0.04914
 3.060 0.04918
 3.070 0.04924
 3.080 0.04929
 3.090 0.04935
 3.100 0.04941
 3.110 0.04948
 3.120 0.04955
 3.130 0.04961
 3.140 0.04968
 3.150 0.04975
 3.160 0.04982
 3.170 0.04988
 3.180 0.04995
 3.190 0.05001
 3.200 0.05007
 3.210 0.05013
 3.220 0.05018
 3.230 0.05023
 3.240 0.05028
 3.250 0.05032
 3.260 0.05036
 3.270 0.05040
 3.280 0.05043
 3.290 0.05046
 3.300 0.05048
 3.310 0.05050
 3.320 0.05052
 3.330 0.05053
 3.340 0.05054
 3.350 0.05054
 3.360 0.05054
 3.370 0.05054
 3.380 0.05054
 3.390 0.05053
 3.400 0.05052
 3.410 0.05051
 3.420 0.05050
 3.430 0.05050
 3.440 0.05049
 3.450 0.05048
 3.460 0.05047
 3.470 0.05046
 3.480 0.05046
 3.490 0.05045
 3.500 0.05044
 3.510 0.05043
 3.520 0.05042
 3.530 0.05041
 3.540 0.05040
 3.550 0.05038
 3.560 0.05037
 3.570 0.05035
 3.580 0.05033
 3.590 0.05030
 3.600 0.05028
 3.610 0.05025
 3.620 0.05023
 3.630 0.05020
 3.640 0.05017
 3.650 0.05014
 3.660 0.05012
 3.670 0.05009
 3.680 0.05006
 3.690 0.05002
 3.700 0.04999
 3.710 0.04996
 3.720 0.04993
 3.730 0.04989
 3.740 0.04986
 3.750 0.04983
 3.760 0.04980
 3.770 0.04976
 3.780 0.04973
 3.790 0.04971
 3.800 0.04968
 3.810 0.04965
 3.820 0.04963
 3.830 0.04961
 3.840 0.04959
 3.850 0.04957
 3.860 0.04956
 3.870 0.04955
 3.880 0.04954
 3.890 0.04953
 3.900 0.04953
 3.910 0.04953
 3.920 0.04953
 3.930 0.04953
 3.940 0.04954
 3.950 0.04955
 3.960 0.04956
 3.970 0.04958
 3.980 0.04960
 3.990 0.04961
 4.000 0.04963
 4.010 0.04965
 4.020 0.04967
 4.030 0.04969
 4.040 0.04971
 4.050 0.04974
 4.060 0.04976
 4.070 0.04979
 4.080 0.04981
 4.090 0.04984
 4.100 0.04987
 4.110 0.04990
 4.120 0.04993
 4.130 0.04996
 4.140 0.05000
 4.150 0.05003
 4.160 0.05006
 4.170 0.05009
 4.180 0.05012
 4.190 0.05014
 4.200 0.05017
 4.210 0.05019
 4.220 0.05021
 4.230 0.05023
 4.240 0.05025
 4.250 0.05027
 4.260 0.05029
 4.270 0.05030
 4.280 0.05032
 4.290 0.05033
 4.300 0.05035
 4.310 0.05036
 4.320 0.05037
 4.330 0.05038
 4.340 0.05039
 4.350 0.05039
 4.360 0.05040
 4.370 0.05040
 4.380 0.05040
 4.390 0.05041
 4.400 0.05041
 4.410 0.05041
 4.420 0.05040
 4.430 0.05040
 4.440 0.05040
 4.450 0.05040
 4.460 0.05040
 4.470 0.05040
 4.480 0.05040
 4.490 0.05040
 4.500 0.05040
 4.510 0.05040
 4.520 0.05040
 4.530 0.05039
 4.540 0.05039
 4.550 0.05039
 4.560 0.05039
 4.570 0.05038
 4.580 0.05038
 4.590 0.05037
 4.600 0.05037
 4.610 0.05036
 4.620 0.05036
 4.630 0.05036
 4.640 0.05036
 4.650 0.05036
 4.660 0.05037
 4.670 0.05037
 4.680 0.05038
 4.690 0.05040
 4.700 0.05041
 4.710 0.05043
 4.720 0.05045
 4.730 0.05047
 4.740 0.05049
 4.750 0.05051
 4.760 0.05054
 4.770 0.05056
 4.780 0.05058
 4.790 0.05061
 4.800 0.05062
 4.810 0.05064
 4.820 0.05065
 4.830 0.05066
 4.840 0.05067
 4.850 0.05067
 4.860 0.05067
 4.870 0.05066
 4.880 0.05065
 4.890 0.05063
 4.900 0.05061
 4.910 0.05058
 4.920 0.05055
 4.930 0.05051
 4.940 0.05047
 4.950 0.05042
 4.960 0.05038
 4.970 0.05033
 4.980 0.05027
 4.990 0.05022
 5.000 0.05016
 5.010 0.05011
 5.020 0.05006
 5.030 0.05001
 5.040 0.04996
 5.050 0.04991
 5.060 0.04986
 5.070 0.04982
 5.080 0.04977
 5.090 0.04973
 5.100 0.04969
 5.110 0.04965
 5.120 0.04961
 5.130 0.04957
 5.140 0.04954
 5.150 0.04950
 5.160 0.04947
 5.170 0.04944
 5.180 0.04941
 5.190 0.04938
 5.200 0.04935
 5.210 0.04932
 5.220 0.04930
 5.230 0.04928
 5.240 0.04927
 5.250 0.04925
 5.260 0.04925
 5.270 0.04924
 5.280 0.04924
 5.290 0.04924
 5.300 0.04924
 5.310 0.04924
 5.320 0.04924
 5.330 0.04925
 5.340 0.04925
 5.350 0.04926
 5.360 0.04927
 5.370 0.04927
 5.380 0.04928
 5.390 0.04929
 5.400 0.04929
 5.410 0.04930
 5.420 0.04930
 5.430 0.04931
 5.440 0.04931
 5.450 0.04931
 5.460 0.04931
 5.470 0.04931
 5.480 0.04931
 5.490 0.04930
 5.500 0.04930
 5.510 0.04930
 5.520 0.04929
 5.530 0.04929
 5.540 0.04928
 5.550 0.04928
 5.560 0.04927
 5.570 0.04927
 5.580 0.04927
 5.590 0.04927
 5.600 0.04927
