 0.000 4.77167
 0.010 4.77167
 0.020 4.77168
 0.030 4.77168
 0.040 4.77168
 0.050 4.77169
 0.060 4.77169
 0.070 4.77169
 0.080 4.77169
 0.090 4.77169
 0.100 4.77169
 0.110 4.77169
 0.120 4.77168
 0.130 4.77167
 0.140 4.77166
 0.150 4.77164
 0.160 4.77163
 0.170 4.77160
 0.180 4.77158
 0.190 4.77155
 0.200 4.77152
 0.210 4.77149
 0.220 4.77146
 0.230 4.77143
 0.240 4.77140
 0.250 4.77137
 0.260 4.77134
 0.270 4.77131
 0.280 4.77128
 0.290 4.77126
 0.300 4.77124
 0.310 4.77122
 0.320 4.77121
 0.330 4.77120
 0.340 4.77120
 0.350 4.77120
 0.360 4.77121
 0.370 4.77122
 0.380 4.77124
 0.390 4.77127
 0.400 4.77130
 0.410 4.77134
 0.420 4.77138
 0.430 4.77142
 0.440 4.77148
 0.450 4.77153
 0.460 4.77159
 0.470 4.77165
 0.480 4.77171
 0.490 4.77177
 0.500 4.77182
 0.510 4.77188
 0.520 4.77193
 0.530 4.77197
 0.540 4.77201
 0.550 4.77205
 0.560 4.77208
 0.570 4.77211
 0.580 4.77213
 0.590 4.77215
 0.600 4.77216
 0.610 4.77217
 0.620 4.77217
 0.630 4.77217
 0.640 4.77217
 0.650 4.77216
 0.660 4.77216
 0.670 4.77215
 0.680 4.77215
 0.690 4.77214
 0.700 4.77214
 0.710 4.77213
 0.720 4.77213
 0.730 4.77213
 0.740 4.77213
 0.750 4.77213
 0.760 4.77213
 0.770 4.77213
 0.780 4.77213
 0.790 4.77213
 0.800 4.77213
 0.810 4.77213
 0.820 4.77213
 0.830 4.77213
 0.840 4.77213
 0.850 4.77213
 0.860 4.77213
 0.870 4.77213
 0.880 4.77213
 0.890 4.77214
 0.900 4.77215
 0.910 4.77216
 0.920 4.77217
 0.930 4.77219
 0.940 4.77220
 0.950 4.77223
 0.960 4.77225
 0.970 4.77228
 0.980 4.77231
 0.990 4.77233
 1.000 4.77236
 1.010 4.77238
 1.020 4.77240
 1.030 4.77242
 1.040 4.77244
 1.050 4.77245
 1.060 4.77246
 1.070 4.77247
 1.080 4.77247
 1.090 4.77246
 1.100 4.77245
 1.110 4.77244
 1.120 4.77242
 1.130 4.77240
 1.140 4.77237
 1.150 4.77234
 1.160 4.77230
 1.170 4.77226
 1.180 4.77222
 1.190 4.77218
 1.200 4.77213
 1.210 4.77207
 1.220 4.77202
 1.230 4.77195
 1.240 4.77189
 1.250 4.77182
 1.260 4.77174
 1.270 4.77166
 1.280 4.77157
 1.290 4.77148
 1.300 4.77139
 1.310 4.77129
 1.320 4.77119
 1.330 4.77108
 1.340 4.77097
 1.350 4.77085
 1.360 4.77073
 1.370 4.77061
 1.380 4.77048
 1.390 4.77035
 1.400 4.77022
 1.410 4.77009
 1.420 4.76995
 1.430 4.76982
 1.440 4.76969
 1.450 4.76956
 1.460 4.76943
 1.470 4.76930
 1.480 4.76918
 1.490 4.76906
 1.500 4.76895
 1.510 4.76884
 1.520 4.76874
 1.530 4.76864
 1.540 4.76855
 1.550 4.76847
 1.560 4.76839
 1.570 4.76831
 1.580 4.76825
 1.590 4.76818
 1.600 4.76813
 1.610 4.76807
 1.620 4.76802
 1.630 4.76798
 1.640 4.76793
 1.650 4.76789
 1.660 4.76784
 1.670 4.76780
 1.680 4.76776
 1.690 4.76771
 1.700 4.76767
 1.710 4.76762
 1.720 4.76758
 1.730 4.76753
 1.740 4.76748
 1.750 4.76743
 1.760 4.76738
 1.770 4.76733
 1.780 4.76728
 1.790 4.76722
 1.800 4.76717
 1.810 4.76712
 1.820 4.76706
 1.830 4.76701
 1.840 4.76695
 1.850 4.76690
 1.860 4.76684
 1.870 4.76679
 1.880 4.76673
 1.890 4.76667
 1.900 4.76662
 1.910 4.76656
 1.920 4.76650
 1.930 4.76644
 1.940 4.76638
 1.950 4.76632
 1.960 4.76625
 1.970 4.76618
 1.980 4.76611
 1.990 4.76604
 2.000 4.76597
 2.010 4.76589
 2.020 4.76581
 2.030 4.76572
 2.040 4.76563
 2.050 4.76554
 2.060 4.76545
 2.070 4.76535
 2.080 4.76525
 2.090 4.76514
 2.100 4.76504
 2.110 4.76493
 2.120 4.76482
 2.130 4.76471
 2.140 4.76460
 2.150 4.76449
 2.160 4.76438
 2.170 4.76428
 2.180 4.76417
 2.190 4.76407
 2.200 4.76398
 2.210 4.76389
 2.220 4.76380
 2.230 4.76372
 2.240 4.76365
 2.250 4.76358
 2.260 4.76352
 2.270 4.76347
 2.280 4.76343
 2.290 4.76339
 2.300 4.76336
 2.310 4.76333
 2.320 4.76331
 2.330 4.76329
 2.340 4.76327
 2.350 4.76326
 2.360 4.76325
 2.370 4.76324
 2.380 4.76323
 2.390 4.76321
 2.400 4.76320
 2.410 4.76319
 2.420 4.76317
 2.430 4.76315
 2.440 4.76313
 2.450 4.76311
 2.460 4.76309
 2.470 4.76306
 2.480 4.76304
 2.490 4.76301
 2.500 4.76298
 2.510 4.76296
 2.520 4.76293
 2.530 4.76291
 2.540 4.76288
 2.550 4.76286
 2.560 4.76285
 2.570 4.76283
 2.580 4.76282
 2.590 4.76281
 2.600 4.76280
 2.610 4.76279
 2.620 4.76279
 2.630 4.76279
 2.640 4.76279
 2.650 4.76279
 2.660 4.76279
 2.670 4.76280
 2.680 4.76280
 2.690 4.76280
 2.700 4.76281
 2.710 4.76281
 2.720 4.76282
 2.730 4.76282
 2.740 4.76283
 2.750 4.76283
 2.760 4.76284
 2.770 4.76284
 2.780 4.76285
 2.790 4.76285
 2.800 4.76286
 2.810 4.76287
 2.820 4.76288
 2.830 4.76290
 2.840 4.76291
 2.850 4.76293
 2.860 4.76296
 2.870 4.76299
 2.880 4.76303
 2.890 4.76307
 2.900 4.76313
 2.910 4.76318
 2.920 4.76325
 2.930 4.76332
 2.940 4.76340
 2.950 4.76349
 2.960 4.76358
 2.970 4.76367
 2.980 4.76377
 2.990 4.76387
 3.000 4.76397
 3.010 4.76407
 3.020 4.76417
 3.030 4.76427
 3.040 4.76437
 3.050 4.76447
 3.060 4.76457
 3.070 4.76466
 3.080 4.76476
 3.090 4.76484
 3.100 4.76493
 3.110 4.76501
 3.120 4.76509
 3.130 4.76516
 3.140 4.76523
 3.150 4.76529
 3.160 4.76534
 3.170 4.76539
 3.180 4.76543
 3.190 4.76546
 3.200 4.76549
 3.210 4.76550
 3.220 4.76551
 3.230 4.76552
 3.240 4.76551
 3.250 4.76549
 3.260 4.76547
 3.270 4.76544
 3.280 4.76540
 3.290 4.76535
 3.300 4.76529
 3.310 4.76523
 3.320 4.76516
 3.330 4.76509
 3.340 4.76500
 3.350 4.76492
 3.360 4.76483
 3.370 4.76473
 3.380 4.76464
 3.390 4.76454
 3.400 4.76444
 3.410 4.76434
 3.420 4.76424
 3.430 4.76414
 3.440 4.76404
 3.450 4.76394
 3.460 4.76384
 3.470 4.76375
 3.480 4.76366
 3.490 4.76357
 3.500 4.76348
 3.510 4.76339
 3.520 4.76331
 3.530 4.76323
 3.540 4.76314
 3.550 4.76306
 3.560 4.76299
 3.570 4.76291
 3.580 4.76284
 3.590 4.76277
 3.600 4.76270
 3.610 4.76264
 3.620 4.76257
 3.630 4.76252
 3.640 4.76246
 3.650 4.76241
 3.660 4.76236
 3.670 4.76231
 3.680 4.76227
 3.690 4.76223
 3.700 4.76220
 3.710 4.76216
 3.720 4.76213
 3.730 4.76210
 3.740 4.76208
 3.750 4.76205
 3.760 4.76202
 3.770 4.76200
 3.780 4.76197
 3.790 4.76194
 3.800 4.76191
 3.810 4.76188
 3.820 4.76185
 3.830 4.76181
 3.840 4.76178
 3.850 4.76173
 3.860 4.76169
 3.870 4.76165
 3.880 4.76160
 3.890 4.76155
 3.900 4.76150
 3.910 4.76144
 3.920 4.76139
 3.930 4.76133
 3.940 4.76128
 3.950 4.76122
 3.960 4.76116
 3.970 4.76110
 3.980 4.76104
 3.990 4.76098
 4.000 4.76091
 4.010 4.76085
 4.020 4.76079
 4.030 4.76073
 4.040 4.76066
 4.050 4.76060
 4.060 4.76054
 4.070 4.76048
 4.080 4.76041
 4.090 4.76035
 4.100 4.76029
 4.110 4.76022
 4.120 4.76016
 4.130 4.76010
 4.140 4.76004
 4.150 4.75998
 4.160 4.75992
 4.170 4.75986
 4.180 4.75980
 4.190 4.75975
 4.200 4.75969
 4.210 4.75964
 4.220 4.75959
 4.230 4.75954
 4.240 4.75949
 4.250 4.75944
 4.260 4.75939
 4.270 4.75934
 4.280 4.75929
 4.290 4.75924
 4.300 4.75919
 4.310 4.75914
 4.320 4.75909
 4.330 4.75904
 4.340 4.75899
 4.350 4.75894
 4.360 4.75889
 4.370 4.75884
 4.380 4.75879
 4.390 4.75874
 4.400 4.75869
 4.410 4.75863
 4.420 4.75858
 4.430 4.75852
 4.440 4.75847
 4.450 4.75841
 4.460 4.75835
 4.470 4.75828
 4.480 4.75822
 4.490 4.75815
 4.500 4.75809
 4.510 4.75802
 4.520 4.75796
 4.530 4.75789
 4.540 4.75783
 4.550 4.75777
 4.560 4.75772
 4.570 4.75766
 4.580 4.75762
 4.590 4.75757
 4.600 4.75753
 4.610 4.75749
 4.620 4.75746
 4.630 4.75743
 4.640 4.75740
 4.650 4.75738
 4.660 4.75736
 4.670 4.75734
 4.680 4.75732
 4.690 4.75730
 4.700 4.75728
 4.710 4.75727
 4.720 4.75725
 4.730 4.75723
 4.740 4.75722
 4.750 4.75720
 4.760 4.75718
 4.770 4.75716
 4.780 4.75715
 4.790 4.75713
 4.800 4.75711
 4.810 4.75709
 4.820 4.75706
 4.830 4.75704
 4.840 4.75702
 4.850 4.75699
 4.860 4.75697
 4.870 4.75695
 4.880 4.75692
 4.890 4.75690
 4.900 4.75687
 4.910 4.75685
 4.920 4.75683
 4.930 4.75680
 4.940 4.75677
 4.950 4.75675
 4.960 4.75672
 4.970 4.75668
 4.980 4.75665
 4.990 4.75662
 5.000 4.75658
 5.010 4.75654
 5.020 4.75649
 5.030 4.75645
 5.040 4.75640
 5.050 4.75636
 5.060 4.75631
 5.070 4.75626
 5.080 4.75620
 5.090 4.75615
 5.100 4.75609
 5.110 4.75604
 5.120 4.75598
 5.130 4.75592
 5.140 4.75586
 5.150 4.75580
 5.160 4.75574
 5.170 4.75568
 5.180 4.75561
 5.190 4.75555
 5.200 4.75549
 5.210 4.75542
 5.220 4.75536
 5.230 4.75529
 5.240 4.75523
 5.250 4.75516
 5.260 4.75509
 5.270 4.75502
 5.280 4.75496
 5.290 4.75489
 5.300 4.75482
 5.310 4.75475
 5.320 4.75468
 5.330 4.75461
 5.340 4.75454
 5.350 4.75447
 5.360 4.75439
 5.370 4.75432
 5.380 4.75424
 5.390 4.75417
 5.400 4.75409
 5.410 4.75402
 5.420 4.75394
 5.430 4.75387
 5.440 4.75380
 5.450 4.75373
 5.460 4.75366
 5.470 4.75359
 5.480 4.75352
 5.490 4.75346
 5.500 4.75340
 5.510 4.75335
 5.520 4.75330
 5.530 4.75325
 5.540 4.75321
 5.550 4.75317
 5.560 4.75314
 5.570 4.75310
 5.580 4.75308
 5.590 4.75305
 5.600 4.75303
