 0.000 0.12540
 0.010 0.12548
 0.020 0.12556
 0.030 0.12564
 0.040 0.12573
 0.050 0.12581
 0.060 0.12590
 0.070 0.12597
 0.080 0.12603
 0.090 0.12609
 0.100 0.12614
 0.110 0.12617
 0.120 0.12620
 0.130 0.12621
 0.140 0.12621
 0.150 0.12619
 0.160 0.12617
 0.170 0.12612
 0.180 0.12607
 0.190 0.12600
 0.200 0.12592
 0.210 0.12583
 0.220 0.12573
 0.230 0.12562
 0.240 0.12550
 0.250 0.12537
 0.260 0.12524
 0.270 0.12510
 0.280 0.12496
 0.290 0.12481
 0.300 0.12467
 0.310 0.12452
 0.320 0.12438
 0.330 0.12424
 0.340 0.12410
 0.350 0.12397
 0.360 0.12384
 0.370 0.12371
 0.380 0.12359
 0.390 0.12347
 0.400 0.12337
 0.410 0.12326
 0.420 0.12317
 0.430 0.12308
 0.440 0.12299
 0.450 0.12292
 0.460 0.12285
 0.470 0.12278
 0.480 0.12272
 0.490 0.12266
 0.500 0.12261
 0.510 0.12257
 0.520 0.12253
 0.530 0.12249
 0.540 0.12247
 0.550 0.12244
 0.560 0.12242
 0.570 0.12241
 0.580 0.12240
 0.590 0.12240
 0.600 0.12240
 0.610 0.12241
 0.620 0.12243
 0.630 0.12245
 0.640 0.12247
 0.650 0.12250
 0.660 0.12254
 0.670 0.12258
 0.680 0.12263
 0.690 0.12269
 0.700 0.12275
 0.710 0.12282
 0.720 0.12289
 0.730 0.12296
 0.740 0.12304
 0.750 0.12313
 0.760 0.12322
 0.770 0.12331
 0.780 0.12341
 0.790 0.12351
 0.800 0.12361
 0.810 0.12372
 0.820 0.12382
 0.830 0.12393
 0.840 0.12404
 0.850 0.12415
 0.860 0.12426
 0.870 0.12437
 0.880 0.12448
 0.890 0.12459
 0.900 0.12469
 0.910 0.12480
 0.920 0.12491
 0.930 0.12501
 0.940 0.12511
 0.950 0.12521
 0.960 0.12530
 0.970 0.12539
 0.980 0.12547
 0.990 0.12554
 1.000 0.12560
 1.010 0.12566
 1.020 0.12570
 1.030 0.12574
 1.040 0.12576
 1.050 0.12577
 1.060 0.12576
 1.070 0.12575
 1.080 0.12572
 1.090 0.12569
 1.100 0.12564
 1.110 0.12558
 1.120 0.12552
 1.130 0.12544
 1.140 0.12537
 1.150 0.12528
 1.160 0.12519
 1.170 0.12510
 1.180 0.12500
 1.190 0.12490
 1.200 0.12479
 1.210 0.12468
 1.220 0.12457
 1.230 0.12446
 1.240 0.12435
 1.250 0.12424
 1.260 0.12413
 1.270 0.12401
 1.280 0.12390
 1.290 0.12379
 1.300 0.12367
 1.310 0.12355
 1.320 0.12344
 1.330 0.12332
 1.340 0.12320
 1.350 0.12309
 1.360 0.12298
 1.370 0.12287
 1.380 0.12277
 1.390 0.12267
 1.400 0.12257
 1.410 0.12249
 1.420 0.12241
 1.430 0.12234
 1.440 0.12228
 1.450 0.12223
 1.460 0.12219
 1.470 0.12216
 1.480 0.12213
 1.490 0.12211
 1.500 0.12210
 1.510 0.12210
 1.520 0.12210
 1.530 0.12212
 1.540 0.12214
 1.550 0.12217
 1.560 0.12222
 1.570 0.12228
 1.580 0.12235
 1.590 0.12243
 1.600 0.12252
 1.610 0.12262
 1.620 0.12274
 1.630 0.12286
 1.640 0.12299
 1.650 0.12313
 1.660 0.12328
 1.670 0.12343
 1.680 0.12359
 1.690 0.12375
 1.700 0.12391
 1.710 0.12407
 1.720 0.12423
 1.730 0.12439
 1.740 0.12454
 1.750 0.12468
 1.760 0.12481
 1.770 0.12493
 1.780 0.12504
 1.790 0.12514
 1.800 0.12522
 1.810 0.12528
 1.820 0.12533
 1.830 0.12537
 1.840 0.12539
 1.850 0.12539
 1.860 0.12537
 1.870 0.12534
 1.880 0.12529
 1.890 0.12523
 1.900 0.12516
 1.910 0.12507
 1.920 0.12497
 1.930 0.12487
 1.940 0.12476
 1.950 0.12464
 1.960 0.12451
 1.970 0.12439
 1.980 0.12426
 1.990 0.12413
 2.000 0.12400
 2.010 0.12387
 2.020 0.12375
 2.030 0.12363
 2.040 0.12351
 2.050 0.12340
 2.060 0.12329
 2.070 0.12319
 2.080 0.12309
 2.090 0.12299
 2.100 0.12290
 2.110 0.12282
 2.120 0.12274
 2.130 0.12267
 2.140 0.12260
 2.150 0.12255
 2.160 0.12250
 2.170 0.12246
 2.180 0.12242
 2.190 0.12240
 2.200 0.12238
 2.210 0.12236
 2.220 0.12236
 2.230 0.12235
 2.240 0.12236
 2.250 0.12236
 2.260 0.12237
 2.270 0.12239
 2.280 0.12241
 2.290 0.12243
 2.300 0.12245
 2.310 0.12248
 2.320 0.12250
 2.330 0.12253
 2.340 0.12256
 2.350 0.12259
 2.360 0.12262
 2.370 0.12265
 2.380 0.12268
 2.390 0.12270
 2.400 0.12273
 2.410 0.12276
 2.420 0.12278
 2.430 0.12280
 2.440 0.12282
 2.450 0.12284
 2.460 0.12285
 2.470 0.12286
 2.480 0.12286
 2.490 0.12286
 2.500 0.12286
 2.510 0.12284
 2.520 0.12283
 2.530 0.12280
 2.540 0.12277
 2.550 0.12273
 2.560 0.12268
 2.570 0.12262
 2.580 0.12255
 2.590 0.12246
 2.600 0.12237
 2.610 0.12227
 2.620 0.12216
 2.630 0.12204
 2.640 0.12192
 2.650 0.12178
 2.660 0.12164
 2.670 0.12149
 2.680 0.12133
 2.690 0.12117
 2.700 0.12100
 2.710 0.12083
 2.720 0.12065
 2.730 0.12047
 2.740 0.12029
 2.750 0.12011
 2.760 0.11992
 2.770 0.11974
 2.780 0.11956
 2.790 0.11937
 2.800 0.11919
 2.810 0.11900
 2.820 0.11882
 2.830 0.11863
 2.840 0.11845
 2.850 0.11827
 2.860 0.11809
 2.870 0.11790
 2.880 0.11773
 2.890 0.11755
 2.900 0.11737
 2.910 0.11720
 2.920 0.11703
 2.930 0.11687
 2.940 0.11671
 2.950 0.11655
 2.960 0.11639
 2.970 0.11624
 2.980 0.11609
 2.990 0.11595
 3.000 0.11581
 3.010 0.11567
 3.020 0.11554
 3.030 0.11541
 3.040 0.11529
 3.050 0.11518
 3.060 0.11507
 3.070 0.11497
 3.080 0.11487
 3.090 0.11479
 3.100 0.11471
 3.110 0.11463
 3.120 0.11457
 3.130 0.11451
 3.140 0.11446
 3.150 0.11441
 3.160 0.11436
 3.170 0.11432
 3.180 0.11428
 3.190 0.11424
 3.200 0.11420
 3.210 0.11415
 3.220 0.11410
 3.230 0.11404
 3.240 0.11398
 3.250 0.11391
 3.260 0.11382
 3.270 0.11373
 3.280 0.11364
 3.290 0.11353
 3.300 0.11341
 3.310 0.11329
 3.320 0.11316
 3.330 0.11303
 3.340 0.11289
 3.350 0.11274
 3.360 0.11260
 3.370 0.11245
 3.380 0.11231
 3.390 0.11217
 3.400 0.11203
 3.410 0.11189
 3.420 0.11177
 3.430 0.11165
 3.440 0.11153
 3.450 0.11143
 3.460 0.11134
 3.470 0.11126
 3.480 0.11118
 3.490 0.11113
 3.500 0.11108
 3.510 0.11104
 3.520 0.11102
 3.530 0.11102
 3.540 0.11102
 3.550 0.11104
 3.560 0.11108
 3.570 0.11113
 3.580 0.11119
 3.590 0.11126
 3.600 0.11134
 3.610 0.11143
 3.620 0.11153
 3.630 0.11165
 3.640 0.11177
 3.650 0.11189
 3.660 0.11203
 3.670 0.11217
 3.680 0.11231
 3.690 0.11246
 3.700 0.11262
 3.710 0.11278
 3.720 0.11294
 3.730 0.11311
 3.740 0.11327
 3.750 0.11344
 3.760 0.11361
 3.770 0.11377
 3.780 0.11393
 3.790 0.11410
 3.800 0.11426
 3.810 0.11442
 3.820 0.11457
 3.830 0.11472
 3.840 0.11487
 3.850 0.11502
 3.860 0.11516
 3.870 0.11530
 3.880 0.11543
 3.890 0.11556
 3.900 0.11568
 3.910 0.11579
 3.920 0.11589
 3.930 0.11598
 3.940 0.11605
 3.950 0.11612
 3.960 0.11618
 3.970 0.11622
 3.980 0.11624
 3.990 0.11626
 4.000 0.11626
 4.010 0.11624
 4.020 0.11622
 4.030 0.11618
 4.040 0.11612
 4.050 0.11606
 4.060 0.11598
 4.070 0.11589
 4.080 0.11579
 4.090 0.11568
 4.100 0.11556
 4.110 0.11543
 4.120 0.11529
 4.130 0.11516
 4.140 0.11501
 4.150 0.11487
 4.160 0.11472
 4.170 0.11457
 4.180 0.11442
 4.190 0.11428
 4.200 0.11414
 4.210 0.11401
 4.220 0.11388
 4.230 0.11375
 4.240 0.11364
 4.250 0.11353
 4.260 0.11343
 4.270 0.11334
 4.280 0.11326
 4.290 0.11319
 4.300 0.11312
 4.310 0.11307
 4.320 0.11303
 4.330 0.11300
 4.340 0.11298
 4.350 0.11297
 4.360 0.11297
 4.370 0.11298
 4.380 0.11301
 4.390 0.11304
 4.400 0.11308
 4.410 0.11313
 4.420 0.11319
 4.430 0.11326
 4.440 0.11333
 4.450 0.11340
 4.460 0.11348
 4.470 0.11357
 4.480 0.11365
 4.490 0.11373
 4.500 0.11382
 4.510 0.11390
 4.520 0.11398
 4.530 0.11406
 4.540 0.11414
 4.550 0.11422
 4.560 0.11429
 4.570 0.11437
 4.580 0.11444
 4.590 0.11450
 4.600 0.11456
 4.610 0.11462
 4.620 0.11467
 4.630 0.11472
 4.640 0.11476
 4.650 0.11479
 4.660 0.11482
 4.670 0.11484
 4.680 0.11486
 4.690 0.11487
 4.700 0.11488
 4.710 0.11489
 4.720 0.11489
 4.730 0.11488
 4.740 0.11487
 4.750 0.11486
 4.760 0.11484
 4.770 0.11482
 4.780 0.11480
 4.790 0.11477
 4.800 0.11473
 4.810 0.11469
 4.820 0.11465
 4.830 0.11460
 4.840 0.11455
 4.850 0.11449
 4.860 0.11442
 4.870 0.11436
 4.880 0.11428
 4.890 0.11421
 4.900 0.11413
 4.910 0.11404
 4.920 0.11396
 4.930 0.11387
 4.940 0.11377
 4.950 0.11368
 4.960 0.11358
 4.970 0.11349
 4.980 0.11339
 4.990 0.11330
 5.000 0.11320
 5.010 0.11311
 5.020 0.11303
 5.030 0.11294
 5.040 0.11286
 5.050 0.11278
 5.060 0.11271
 5.070 0.11264
 5.080 0.11258
 5.090 0.11252
 5.100 0.11246
 5.110 0.11241
 5.120 0.11236
 5.130 0.11232
 5.140 0.11228
 5.150 0.11225
 5.160 0.11222
 5.170 0.11219
 5.180 0.11216
 5.190 0.11214
 5.200 0.11212
 5.210 0.11210
 5.220 0.11207
 5.230 0.11205
 5.240 0.11202
 5.250 0.11199
 5.260 0.11195
 5.270 0.11192
 5.280 0.11187
 5.290 0.11183
 5.300 0.11178
 5.310 0.11172
 5.320 0.11167
 5.330 0.11160
 5.340 0.11154
 5.350 0.11146
 5.360 0.11139
 5.370 0.11130
 5.380 0.11121
 5.390 0.11112
 5.400 0.11102
 5.410 0.11092
 5.420 0.11082
 5.430 0.11071
 5.440 0.11060
 5.450 0.11048
 5.460 0.11036
 5.470 0.11023
 5.480 0.11010
 5.490 0.10997
 5.500 0.10983
 5.510 0.10968
 5.520 0.10953
 5.530 0.10938
 5.540 0.10922
 5.550 0.10906
 5.560 0.10890
 5.570 0.10873
 5.580 0.10856
 5.590 0.10839
 5.600 0.10822
