 0.000 1.09253
 0.010 1.04539
 0.020 1.04492
 0.030 1.04465
 0.040 1.04459
 0.050 1.04475
 0.060 1.04512
 0.070 1.04572
 0.080 1.04651
 0.090 1.04749
 0.100 1.04862
 0.110 1.04987
 0.120 1.05122
 0.130 1.05263
 0.140 1.05407
 0.150 1.05551
 0.160 1.05694
 0.170 1.05833
 0.180 1.05966
 0.190 1.06093
 0.200 1.06212
 0.210 1.06322
 0.220 1.06422
 0.230 1.06511
 0.240 1.06588
 0.250 1.06654
 0.260 1.06706
 0.270 1.06745
 0.280 1.06770
 0.290 1.06780
 0.300 1.06775
 0.310 1.06754
 0.320 1.06718
 0.330 1.06665
 0.340 1.06597
 0.350 1.06513
 0.360 1.06416
 0.370 1.06305
 0.380 1.06182
 0.390 1.06050
 0.400 1.05909
 0.410 1.05761
 0.420 1.05608
 0.430 1.05452
 0.440 1.05293
 0.450 1.05135
 0.460 1.04977
 0.470 1.04821
 0.480 1.04669
 0.490 1.04523
 0.500 1.04383
 0.510 1.04253
 0.520 1.04132
 0.530 1.04025
 0.540 1.03933
 0.550 1.03858
 0.560 1.03803
 0.570 1.03769
 0.580 1.03757
 0.590 1.03768
 0.600 1.03802
 0.610 1.03857
 0.620 1.03931
 0.630 1.04022
 0.640 1.04126
 0.650 1.04241
 0.660 1.04364
 0.670 1.04492
 0.680 1.04621
 0.690 1.04751
 0.700 1.04879
 0.710 1.05003
 0.720 1.05123
 0.730 1.05237
 0.740 1.05343
 0.750 1.05442
 0.760 1.05532
 0.770 1.05613
 0.780 1.05683
 0.790 1.05741
 0.800 1.05786
 0.810 1.05817
 0.820 1.05834
 0.830 1.05836
 0.840 1.05822
 0.850 1.05793
 0.860 1.05749
 0.870 1.05690
 0.880 1.05617
 0.890 1.05531
 0.900 1.05435
 0.910 1.05329
 0.920 1.05215
 0.930 1.05096
 0.940 1.04973
 0.950 1.04848
 0.960 1.04724
 0.970 1.04601
 0.980 1.04482
 0.990 1.04368
 1.000 1.04260
 1.010 1.04160
 1.020 1.04069
 1.030 1.03987
 1.040 1.03917
 1.050 1.03858
 1.060 1.03812
