 0.000 0.24661
 0.010 0.25507
 0.020 0.26555
 0.030 0.27739
 0.040 0.29006
 0.050 0.30313
 0.060 0.31619
 0.070 0.32880
 0.080 0.34054
 0.090 0.35096
 0.100 0.35972
 0.110 0.36658
 0.120 0.37143
 0.130 0.37427
 0.140 0.37521
 0.150 0.37441
 0.160 0.37206
 0.170 0.36833
 0.180 0.36343
 0.190 0.35751
 0.200 0.35071
 0.210 0.34317
 0.220 0.33501
 0.230 0.32635
 0.240 0.31732
 0.250 0.30804
 0.260 0.29866
 0.270 0.28932
 0.280 0.28014
 0.290 0.27122
 0.300 0.26260
 0.310 0.25431
 0.320 0.24632
 0.330 0.23864
 0.340 0.23126
 0.350 0.22418
 0.360 0.21740
 0.370 0.21091
 0.380 0.20474
 0.390 0.19891
 0.400 0.19347
 0.410 0.18850
 0.420 0.18412
 0.430 0.18049
 0.440 0.17777
 0.450 0.17616
 0.460 0.17583
 0.470 0.17698
 0.480 0.17983
 0.490 0.18457
 0.500 0.19141
 0.510 0.20056
 0.520 0.21221
 0.530 0.22655
 0.540 0.24375
 0.550 0.26398
 0.560 0.28739
 0.570 0.31412
 0.580 0.34429
 0.590 0.37793
 0.600 0.41505
 0.610 0.45554
 0.620 0.49924
 0.630 0.54588
 0.640 0.59505
 0.650 0.64622
 0.660 0.69868
 0.670 0.75165
 0.680 0.80427
 0.690 0.85567
 0.700 0.90500
 0.710 0.95149
 0.720 0.99445
 0.730 1.03329
 0.740 1.06749
 0.750 1.09666
 0.760 1.12048
 0.770 1.13872
 0.780 1.15124
 0.790 1.15795
 0.800 1.15883
 0.810 1.15387
 0.820 1.14309
 0.830 1.12653
 0.840 1.10424
 0.850 1.07634
 0.860 1.04298
 0.870 1.00443
 0.880 0.96106
 0.890 0.91343
 0.900 0.86224
 0.910 0.80836
 0.920 0.75282
 0.930 0.69677
 0.940 0.64139
 0.950 0.58788
 0.960 0.53736
 0.970 0.49086
 0.980 0.44921
 0.990 0.41306
 1.000 0.38284
 1.010 0.35876
 1.020 0.34078
 1.030 0.32868
 1.040 0.32202
 1.050 0.32022
 1.060 0.32255
