 0.000 0.24758
 0.010 0.25991
 0.020 0.27256
 0.030 0.28525
 0.040 0.29777
 0.050 0.31002
 0.060 0.32186
 0.070 0.33307
 0.080 0.34340
 0.090 0.35255
 0.100 0.36027
 0.110 0.36637
 0.120 0.37073
 0.130 0.37334
 0.140 0.37423
 0.150 0.37353
 0.160 0.37134
 0.170 0.36783
 0.180 0.36314
 0.190 0.35741
 0.200 0.35078
 0.210 0.34338
 0.220 0.33533
 0.230 0.32677
 0.240 0.31780
 0.250 0.30857
 0.260 0.29922
 0.270 0.28987
 0.280 0.28067
 0.290 0.27169
 0.300 0.26298
 0.310 0.25454
 0.320 0.24639
 0.330 0.23850
 0.340 0.23089
 0.350 0.22354
 0.360 0.21647
 0.370 0.20969
 0.380 0.20323
 0.390 0.19713
 0.400 0.19147
 0.410 0.18632
 0.420 0.18182
 0.430 0.17811
 0.440 0.17535
 0.450 0.17372
 0.460 0.17341
 0.470 0.17464
 0.480 0.17759
 0.490 0.18250
 0.500 0.18959
 0.510 0.19905
 0.520 0.21111
 0.530 0.22595
 0.540 0.24374
 0.550 0.26462
 0.560 0.28872
 0.570 0.31615
 0.580 0.34697
 0.590 0.38119
 0.600 0.41876
 0.610 0.45960
 0.620 0.50354
 0.630 0.55032
 0.640 0.59957
 0.650 0.65079
 0.660 0.70330
 0.670 0.75632
 0.680 0.80900
 0.690 0.86044
 0.700 0.90979
 0.710 0.95623
 0.720 0.99908
 0.730 1.03771
 0.740 1.07162
 0.750 1.10041
 0.760 1.12376
 0.770 1.14148
 0.780 1.15343
 0.790 1.15954
 0.800 1.15981
 0.810 1.15425
 0.820 1.14290
 0.830 1.12581
 0.840 1.10306
 0.850 1.07476
 0.860 1.04110
 0.870 1.00233
 0.880 0.95885
 0.890 0.91120
 0.900 0.86009
 0.910 0.80636
 0.920 0.75103
 0.930 0.69522
 0.940 0.64009
 0.950 0.58681
 0.960 0.53650
 0.970 0.49013
 0.980 0.44852
 0.990 0.41228
 1.000 0.38173
 1.010 0.35698
 1.020 0.33783
 1.030 0.32387
 1.040 0.31444
 1.050 0.30869
 1.060 0.30568
