 0.000 0.34264
 0.010 0.35022
 0.020 0.35723
 0.030 0.36357
 0.040 0.36911
 0.050 0.37374
 0.060 0.37736
 0.070 0.37985
 0.080 0.38116
 0.090 0.38124
 0.100 0.38004
 0.110 0.37755
 0.120 0.37378
 0.130 0.36874
 0.140 0.36243
 0.150 0.35491
 0.160 0.34621
 0.170 0.33638
 0.180 0.32551
 0.190 0.31367
 0.200 0.30097
 0.210 0.28751
 0.220 0.27340
 0.230 0.25876
 0.240 0.24371
 0.250 0.22835
 0.260 0.21275
 0.270 0.19700
 0.280 0.18115
 0.290 0.16524
 0.300 0.14935
 0.310 0.13350
 0.320 0.11778
 0.330 0.10221
 0.340 0.08687
 0.350 0.07181
 0.360 0.05708
 0.370 0.04273
 0.380 0.02883
 0.390 0.01545
 0.400 0.00267
 0.410 -0.00942
 0.420 -0.02075
 0.430 -0.03121
 0.440 -0.04070
 0.450 -0.04912
 0.460 -0.05638
 0.470 -0.06238
 0.480 -0.06705
 0.490 -0.07032
 0.500 -0.07217
 0.510 -0.07259
 0.520 -0.07160
 0.530 -0.06924
 0.540 -0.06560
 0.550 -0.06078
 0.560 -0.05492
 0.570 -0.04820
 0.580 -0.04078
 0.590 -0.03287
 0.600 -0.02465
 0.610 -0.01629
 0.620 -0.00796
 0.630 0.00019
 0.640 0.00807
 0.650 0.01557
 0.660 0.02266
 0.670 0.02932
 0.680 0.03555
 0.690 0.04141
 0.700 0.04697
 0.710 0.05234
 0.720 0.05763
 0.730 0.06295
 0.740 0.06841
 0.750 0.07409
 0.760 0.08005
 0.770 0.08631
 0.780 0.09288
 0.790 0.09971
 0.800 0.10678
 0.810 0.11400
 0.820 0.12132
 0.830 0.12869
 0.840 0.13605
 0.850 0.14337
 0.860 0.15064
 0.870 0.15784
 0.880 0.16495
 0.890 0.17196
 0.900 0.17885
 0.910 0.18560
 0.920 0.19220
 0.930 0.19862
 0.940 0.20484
 0.950 0.21084
 0.960 0.21660
 0.970 0.22211
 0.980 0.22735
 0.990 0.23232
 1.000 0.23701
 1.010 0.24142
 1.020 0.24552
 1.030 0.24930
 1.040 0.25272
 1.050 0.25574
 1.060 0.25834
