 0.000 -0.40938
 0.010 -0.40318
 0.020 -0.39603
 0.030 -0.38774
 0.040 -0.37817
 0.050 -0.36722
 0.060 -0.35486
 0.070 -0.34110
 0.080 -0.32599
 0.090 -0.30961
 0.100 -0.29209
 0.110 -0.27355
 0.120 -0.25416
 0.130 -0.23407
 0.140 -0.21345
 0.150 -0.19248
 0.160 -0.17131
 0.170 -0.15007
 0.180 -0.12888
 0.190 -0.10778
 0.200 -0.08683
 0.210 -0.06601
 0.220 -0.04531
 0.230 -0.02467
 0.240 -0.00404
 0.250 0.01661
 0.260 0.03733
 0.270 0.05816
 0.280 0.07912
 0.290 0.10026
 0.300 0.12161
 0.310 0.14323
 0.320 0.16518
 0.330 0.18753
 0.340 0.21035
 0.350 0.23367
 0.360 0.25752
 0.370 0.28188
 0.380 0.30670
 0.390 0.33190
 0.400 0.35736
 0.410 0.38292
 0.420 0.40843
 0.430 0.43369
 0.440 0.45852
 0.450 0.48274
 0.460 0.50616
 0.470 0.52863
 0.480 0.54999
 0.490 0.57009
 0.500 0.58881
 0.510 0.60602
 0.520 0.62161
 0.530 0.63546
 0.540 0.64747
 0.550 0.65753
 0.560 0.66553
 0.570 0.67141
 0.580 0.67508
 0.590 0.67649
 0.600 0.67564
 0.610 0.67252
 0.620 0.66715
 0.630 0.65956
 0.640 0.64980
 0.650 0.63791
 0.660 0.62395
 0.670 0.60798
 0.680 0.59006
 0.690 0.57029
 0.700 0.54874
 0.710 0.52553
 0.720 0.50076
 0.730 0.47456
 0.740 0.44706
 0.750 0.41840
 0.760 0.38871
 0.770 0.35811
 0.780 0.32675
 0.790 0.29473
 0.800 0.26219
 0.810 0.22926
 0.820 0.19607
 0.830 0.16276
 0.840 0.12949
 0.850 0.09644
 0.860 0.06378
 0.870 0.03168
 0.880 0.00033
 0.890 -0.03012
 0.900 -0.05948
 0.910 -0.08762
 0.920 -0.11438
 0.930 -0.13965
 0.940 -0.16330
 0.950 -0.18524
 0.960 -0.20539
 0.970 -0.22367
 0.980 -0.24005
 0.990 -0.25451
 1.000 -0.26705
 1.010 -0.27773
 1.020 -0.28663
 1.030 -0.29387
 1.040 -0.29963
 1.050 -0.30408
 1.060 -0.30742
