 0.000 -0.42113
 0.010 -0.40757
 0.020 -0.39353
 0.030 -0.37909
 0.040 -0.36435
 0.050 -0.34939
 0.060 -0.33427
 0.070 -0.31899
 0.080 -0.30354
 0.090 -0.28790
 0.100 -0.27204
 0.110 -0.25593
 0.120 -0.23960
 0.130 -0.22311
 0.140 -0.20651
 0.150 -0.18990
 0.160 -0.17335
 0.170 -0.15694
 0.180 -0.14071
 0.190 -0.12469
 0.200 -0.10888
 0.210 -0.09326
 0.220 -0.07780
 0.230 -0.06245
 0.240 -0.04719
 0.250 -0.03199
 0.260 -0.01687
 0.270 -0.00184
 0.280 0.01306
 0.290 0.02779
 0.300 0.04233
 0.310 0.05668
 0.320 0.07082
 0.330 0.08479
 0.340 0.09859
 0.350 0.11225
 0.360 0.12581
 0.370 0.13931
 0.380 0.15279
 0.390 0.16633
 0.400 0.17996
 0.410 0.19372
 0.420 0.20765
 0.430 0.22175
 0.440 0.23602
 0.450 0.25046
 0.460 0.26505
 0.470 0.27975
 0.480 0.29453
 0.490 0.30930
 0.500 0.32395
 0.510 0.33834
 0.520 0.35229
 0.530 0.36557
 0.540 0.37792
 0.550 0.38903
 0.560 0.39856
 0.570 0.40613
 0.580 0.41138
 0.590 0.41393
 0.600 0.41345
 0.610 0.40967
 0.620 0.40235
 0.630 0.39136
 0.640 0.37663
 0.650 0.35820
 0.660 0.33619
 0.670 0.31079
 0.680 0.28225
 0.690 0.25085
 0.700 0.21692
 0.710 0.18082
 0.720 0.14291
 0.730 0.10356
 0.740 0.06315
 0.750 0.02206
 0.760 -0.01935
 0.770 -0.06074
 0.780 -0.10181
 0.790 -0.14225
 0.800 -0.18180
 0.810 -0.22018
 0.820 -0.25713
 0.830 -0.29238
 0.840 -0.32568
 0.850 -0.35675
 0.860 -0.38536
 0.870 -0.41129
 0.880 -0.43434
 0.890 -0.45438
 0.900 -0.47132
 0.910 -0.48512
 0.920 -0.49580
 0.930 -0.50346
 0.940 -0.50823
 0.950 -0.51030
 0.960 -0.50992
 0.970 -0.50736
 0.980 -0.50291
 0.990 -0.49689
 1.000 -0.48964
 1.010 -0.48151
 1.020 -0.47285
 1.030 -0.46402
 1.040 -0.45539
 1.050 -0.44729
 1.060 -0.44006
