 0.000 0.22636
 0.010 0.23040
 0.020 0.23453
 0.030 0.23868
 0.040 0.24276
 0.050 0.24670
 0.060 0.25042
 0.070 0.25383
 0.080 0.25686
 0.090 0.25942
 0.100 0.26146
 0.110 0.26292
 0.120 0.26374
 0.130 0.26390
 0.140 0.26338
 0.150 0.26217
 0.160 0.26029
 0.170 0.25777
 0.180 0.25468
 0.190 0.25111
 0.200 0.24716
 0.210 0.24295
 0.220 0.23860
 0.230 0.23423
 0.240 0.22995
 0.250 0.22581
 0.260 0.22187
 0.270 0.21814
 0.280 0.21460
 0.290 0.21123
 0.300 0.20797
 0.310 0.20479
 0.320 0.20162
 0.330 0.19844
 0.340 0.19519
 0.350 0.19186
 0.360 0.18843
 0.370 0.18492
 0.380 0.18135
 0.390 0.17777
 0.400 0.17423
 0.410 0.17081
 0.420 0.16758
 0.430 0.16463
 0.440 0.16203
 0.450 0.15988
 0.460 0.15825
 0.470 0.15721
 0.480 0.15683
 0.490 0.15715
 0.500 0.15819
 0.510 0.15997
 0.520 0.16244
 0.530 0.16556
 0.540 0.16923
 0.550 0.17333
 0.560 0.17770
 0.570 0.18216
 0.580 0.18653
 0.590 0.19060
 0.600 0.19418
 0.610 0.19710
 0.620 0.19920
 0.630 0.20037
 0.640 0.20052
 0.650 0.19963
 0.660 0.19768
 0.670 0.19471
 0.680 0.19078
 0.690 0.18598
 0.700 0.18043
 0.710 0.17429
 0.720 0.16772
 0.730 0.16089
 0.740 0.15398
 0.750 0.14716
 0.760 0.14058
 0.770 0.13437
 0.780 0.12861
 0.790 0.12339
 0.800 0.11874
 0.810 0.11468
 0.820 0.11123
 0.830 0.10837
 0.840 0.10612
 0.850 0.10445
 0.860 0.10336
 0.870 0.10286
 0.880 0.10295
 0.890 0.10364
 0.900 0.10495
 0.910 0.10689
 0.920 0.10949
 0.930 0.11278
 0.940 0.11677
 0.950 0.12146
 0.960 0.12685
 0.970 0.13292
 0.980 0.13963
 0.990 0.14689
 1.000 0.15460
 1.010 0.16261
 1.020 0.17076
 1.030 0.17882
 1.040 0.18658
 1.050 0.19378
 1.060 0.20020
