 0.000 1.26253
 0.010 1.21823
 0.020 1.21817
 0.030 1.21811
 0.040 1.21807
 0.050 1.21803
 0.060 1.21800
 0.070 1.21798
 0.080 1.21797
 0.090 1.21796
 0.100 1.21795
 0.110 1.21795
 0.120 1.21795
 0.130 1.21796
 0.140 1.21797
 0.150 1.21799
 0.160 1.21802
 0.170 1.21805
 0.180 1.21809
 0.190 1.21813
 0.200 1.21817
 0.210 1.21822
 0.220 1.21826
 0.230 1.21829
 0.240 1.21832
 0.250 1.21832
 0.260 1.21830
 0.270 1.21824
 0.280 1.21813
 0.290 1.21796
 0.300 1.21771
 0.310 1.21736
 0.320 1.21689
 0.330 1.21629
 0.340 1.21554
 0.350 1.21463
 0.360 1.21355
 0.370 1.21229
 0.380 1.21086
 0.390 1.20926
 0.400 1.20750
 0.410 1.20561
 0.420 1.20360
 0.430 1.20149
 0.440 1.19932
 0.450 1.19711
 0.460 1.19490
 0.470 1.19274
 0.480 1.19067
 0.490 1.18873
 0.500 1.18697
 0.510 1.18543
 0.520 1.18416
 0.530 1.18320
 0.540 1.18258
 0.550 1.18234
 0.560 1.18249
 0.570 1.18304
 0.580 1.18401
 0.590 1.18539
 0.600 1.18716
 0.610 1.18931
 0.620 1.19180
 0.630 1.19460
 0.640 1.19767
 0.650 1.20096
 0.660 1.20443
 0.670 1.20803
 0.680 1.21169
 0.690 1.21537
 0.700 1.21903
 0.710 1.22262
 0.720 1.22611
 0.730 1.22947
 0.740 1.23269
 0.750 1.23574
 0.760 1.23861
 0.770 1.24131
 0.780 1.24383
 0.790 1.24618
 0.800 1.24837
 0.810 1.25040
 0.820 1.25228
 0.830 1.25400
 0.840 1.25557
 0.850 1.25697
 0.860 1.25820
 0.870 1.25925
 0.880 1.26012
 0.890 1.26080
 0.900 1.26128
 0.910 1.26158
 0.920 1.26169
 0.930 1.26164
 0.940 1.26143
 0.950 1.26109
 0.960 1.26062
 0.970 1.26006
 0.980 1.25943
 0.990 1.25874
 1.000 1.25803
 1.010 1.25732
 1.020 1.25662
 1.030 1.25594
 1.040 1.25530
 1.050 1.25470
 1.060 1.25415
 1.070 1.25364
 1.080 1.25318
 1.090 1.25278
 1.100 1.25244
 1.110 1.25218
 1.120 1.25199
 1.130 1.25189
 1.140 1.25189
 1.150 1.25198
 1.160 1.25219
 1.170 1.25248
 1.180 1.25287
 1.190 1.25333
 1.200 1.25384
 1.210 1.25437
 1.220 1.25491
 1.230 1.25542
 1.240 1.25589
 1.250 1.25631
 1.260 1.25666
 1.270 1.25693
 1.280 1.25714
 1.290 1.25728
 1.300 1.25736
 1.310 1.25739
 1.320 1.25738
 1.330 1.25734
 1.340 1.25729
 1.350 1.25724
 1.360 1.25720
 1.370 1.25718
 1.380 1.25719
 1.390 1.25723
 1.400 1.25729
 1.410 1.25738
 1.420 1.25747
 1.430 1.25757
 1.440 1.25767
 1.450 1.25775
 1.460 1.25783
 1.470 1.25788
 1.480 1.25791
 1.490 1.25791
 1.500 1.25788
 1.510 1.25780
 1.520 1.25768
 1.530 1.25751
 1.540 1.25729
 1.550 1.25704
 1.560 1.25675
 1.570 1.25644
 1.580 1.25613
 1.590 1.25582
 1.600 1.25552
 1.610 1.25524
 1.620 1.25499
 1.630 1.25476
 1.640 1.25454
 1.650 1.25433
 1.660 1.25412
 1.670 1.25391
 1.680 1.25370
 1.690 1.25348
 1.700 1.25325
 1.710 1.25302
 1.720 1.25279
 1.730 1.25255
 1.740 1.25233
 1.750 1.25213
 1.760 1.25194
 1.770 1.25177
 1.780 1.25163
 1.790 1.25150
 1.800 1.25139
 1.810 1.25129
 1.820 1.25118
 1.830 1.25106
 1.840 1.25091
 1.850 1.25072
 1.860 1.25049
 1.870 1.25018
 1.880 1.24981
 1.890 1.24936
 1.900 1.24883
 1.910 1.24821
 1.920 1.24751
 1.930 1.24673
 1.940 1.24588
 1.950 1.24494
 1.960 1.24393
 1.970 1.24285
 1.980 1.24169
 1.990 1.24046
 2.000 1.23918
 2.010 1.23784
 2.020 1.23645
 2.030 1.23503
 2.040 1.23357
 2.050 1.23209
 2.060 1.23058
 2.070 1.22907
 2.080 1.22755
 2.090 1.22603
 2.100 1.22452
 2.110 1.22303
 2.120 1.22155
 2.130 1.22011
 2.140 1.21870
 2.150 1.21733
 2.160 1.21601
 2.170 1.21473
 2.180 1.21349
 2.190 1.21231
 2.200 1.21117
 2.210 1.21007
 2.220 1.20903
 2.230 1.20803
 2.240 1.20709
 2.250 1.20620
 2.260 1.20539
 2.270 1.20465
 2.280 1.20399
 2.290 1.20344
 2.300 1.20300
 2.310 1.20268
 2.320 1.20250
 2.330 1.20244
 2.340 1.20250
 2.350 1.20267
 2.360 1.20294
 2.370 1.20329
 2.380 1.20371
 2.390 1.20416
 2.400 1.20465
 2.410 1.20515
 2.420 1.20564
 2.430 1.20613
 2.440 1.20659
 2.450 1.20702
 2.460 1.20741
 2.470 1.20777
 2.480 1.20808
 2.490 1.20837
 2.500 1.20862
 2.510 1.20883
 2.520 1.20903
 2.530 1.20919
 2.540 1.20934
 2.550 1.20947
 2.560 1.20958
 2.570 1.20967
 2.580 1.20976
 2.590 1.20984
 2.600 1.20991
 2.610 1.20997
 2.620 1.21004
 2.630 1.21010
 2.640 1.21016
 2.650 1.21022
 2.660 1.21029
 2.670 1.21036
 2.680 1.21044
 2.690 1.21053
 2.700 1.21064
 2.710 1.21076
 2.720 1.21090
 2.730 1.21106
 2.740 1.21125
 2.750 1.21145
 2.760 1.21166
 2.770 1.21190
 2.780 1.21215
 2.790 1.21242
 2.800 1.21270
 2.810 1.21299
 2.820 1.21328
 2.830 1.21358
 2.840 1.21387
 2.850 1.21416
 2.860 1.21444
 2.870 1.21471
 2.880 1.21497
 2.890 1.21521
 2.900 1.21543
 2.910 1.21565
 2.920 1.21585
 2.930 1.21604
 2.940 1.21623
 2.950 1.21641
 2.960 1.21658
 2.970 1.21675
 2.980 1.21691
 2.990 1.21707
 3.000 1.21722
 3.010 1.21737
 3.020 1.21751
 3.030 1.21763
 3.040 1.21774
 3.050 1.21782
 3.060 1.21789
 3.070 1.21793
 3.080 1.21794
 3.090 1.21791
 3.100 1.21785
 3.110 1.21776
 3.120 1.21763
 3.130 1.21747
 3.140 1.21728
 3.150 1.21705
 3.160 1.21679
 3.170 1.21651
 3.180 1.21619
 3.190 1.21584
 3.200 1.21547
 3.210 1.21506
 3.220 1.21464
 3.230 1.21419
 3.240 1.21373
 3.250 1.21326
 3.260 1.21279
 3.270 1.21234
 3.280 1.21190
 3.290 1.21149
 3.300 1.21111
 3.310 1.21077
 3.320 1.21047
 3.330 1.21022
 3.340 1.21002
 3.350 1.20989
 3.360 1.20983
 3.370 1.20985
 3.380 1.20996
 3.390 1.21018
 3.400 1.21050
 3.410 1.21094
 3.420 1.21150
 3.430 1.21219
 3.440 1.21302
 3.450 1.21398
 3.460 1.21507
 3.470 1.21627
 3.480 1.21758
 3.490 1.21898
 3.500 1.22045
 3.510 1.22198
 3.520 1.22356
 3.530 1.22515
 3.540 1.22675
 3.550 1.22833
 3.560 1.22987
 3.570 1.23137
 3.580 1.23279
 3.590 1.23412
 3.600 1.23535
 3.610 1.23647
 3.620 1.23746
 3.630 1.23834
 3.640 1.23910
 3.650 1.23974
 3.660 1.24027
 3.670 1.24069
 3.680 1.24101
 3.690 1.24124
 3.700 1.24137
 3.710 1.24143
 3.720 1.24141
 3.730 1.24131
 3.740 1.24115
 3.750 1.24092
 3.760 1.24063
 3.770 1.24027
 3.780 1.23985
 3.790 1.23938
 3.800 1.23884
 3.810 1.23825
 3.820 1.23761
 3.830 1.23692
 3.840 1.23618
 3.850 1.23540
 3.860 1.23458
 3.870 1.23372
 3.880 1.23284
 3.890 1.23194
 3.900 1.23104
 3.910 1.23014
 3.920 1.22928
 3.930 1.22847
 3.940 1.22773
 3.950 1.22709
 3.960 1.22657
 3.970 1.22620
 3.980 1.22599
 3.990 1.22597
 4.000 1.22615
 4.010 1.22655
 4.020 1.22718
 4.030 1.22804
 4.040 1.22915
 4.050 1.23049
 4.060 1.23206
 4.070 1.23385
 4.080 1.23583
 4.090 1.23798
 4.100 1.24026
 4.110 1.24265
 4.120 1.24509
 4.130 1.24757
 4.140 1.25002
 4.150 1.25244
 4.160 1.25476
 4.170 1.25698
 4.180 1.25905
 4.190 1.26096
 4.200 1.26268
 4.210 1.26421
 4.220 1.26552
 4.230 1.26664
 4.240 1.26755
 4.250 1.26828
 4.260 1.26883
 4.270 1.26921
 4.280 1.26943
 4.290 1.26950
 4.300 1.26943
 4.310 1.26922
 4.320 1.26886
 4.330 1.26836
 4.340 1.26772
 4.350 1.26693
 4.360 1.26599
 4.370 1.26493
 4.380 1.26374
 4.390 1.26246
 4.400 1.26111
 4.410 1.25971
 4.420 1.25829
 4.430 1.25690
 4.440 1.25556
 4.450 1.25430
 4.460 1.25314
 4.470 1.25210
 4.480 1.25119
 4.490 1.25041
 4.500 1.24975
 4.510 1.24921
 4.520 1.24877
 4.530 1.24842
 4.540 1.24816
 4.550 1.24797
 4.560 1.24787
 4.570 1.24785
 4.580 1.24792
 4.590 1.24810
 4.600 1.24839
 4.610 1.24880
 4.620 1.24931
 4.630 1.24994
 4.640 1.25065
 4.650 1.25144
 4.660 1.25227
 4.670 1.25314
 4.680 1.25402
 4.690 1.25489
 4.700 1.25574
 4.710 1.25654
 4.720 1.25728
 4.730 1.25796
 4.740 1.25856
 4.750 1.25909
 4.760 1.25955
 4.770 1.25993
 4.780 1.26024
 4.790 1.26048
 4.800 1.26067
 4.810 1.26082
 4.820 1.26093
 4.830 1.26101
 4.840 1.26108
 4.850 1.26112
 4.860 1.26114
 4.870 1.26115
 4.880 1.26112
 4.890 1.26106
 4.900 1.26097
 4.910 1.26083
 4.920 1.26063
 4.930 1.26039
 4.940 1.26008
 4.950 1.25973
 4.960 1.25933
 4.970 1.25890
 4.980 1.25842
 4.990 1.25793
 5.000 1.25741
 5.010 1.25689
 5.020 1.25638
 5.030 1.25588
 5.040 1.25540
 5.050 1.25496
 5.060 1.25455
 5.070 1.25419
 5.080 1.25388
 5.090 1.25362
 5.100 1.25343
 5.110 1.25330
 5.120 1.25324
 5.130 1.25326
 5.140 1.25335
 5.150 1.25351
 5.160 1.25375
 5.170 1.25404
 5.180 1.25439
 5.190 1.25478
 5.200 1.25520
 5.210 1.25563
 5.220 1.25607
 5.230 1.25648
 5.240 1.25686
 5.250 1.25717
 5.260 1.25739
 5.270 1.25749
 5.280 1.25743
 5.290 1.25719
 5.300 1.25673
 5.310 1.25601
 5.320 1.25501
 5.330 1.25371
 5.340 1.25208
 5.350 1.25012
 5.360 1.24782
 5.370 1.24520
 5.380 1.24227
 5.390 1.23906
 5.400 1.23563
 5.410 1.23201
 5.420 1.22827
 5.430 1.22447
 5.440 1.22069
 5.450 1.21699
 5.460 1.21344
 5.470 1.21011
 5.480 1.20704
 5.490 1.20430
 5.500 1.20190
 5.510 1.19987
 5.520 1.19824
 5.530 1.19701
 5.540 1.19616
 5.550 1.19571
 5.560 1.19562
 5.570 1.19587
 5.580 1.19643
 5.590 1.19725
 5.600 1.19830
 5.610 1.19951
 5.620 1.20085
 5.630 1.20226
 5.640 1.20368
 5.650 1.20509
 5.660 1.20644
 5.670 1.20771
 5.680 1.20887
 5.690 1.20991
 5.700 1.21082
 5.710 1.21160
 5.720 1.21225
 5.730 1.21277
 5.740 1.21316
 5.750 1.21345
 5.760 1.21365
 5.770 1.21377
 5.780 1.21383
 5.790 1.21385
 5.800 1.21385
 5.810 1.21384
 5.820 1.21386
 5.830 1.21389
 5.840 1.21397
 5.850 1.21409
 5.860 1.21425
 5.870 1.21445
 5.880 1.21470
 5.890 1.21498
 5.900 1.21529
 5.910 1.21562
 5.920 1.21597
 5.930 1.21631
 5.940 1.21663
 5.950 1.21694
 5.960 1.21720
 5.970 1.21743
 5.980 1.21760
 5.990 1.21773
 6.000 1.21779
 6.010 1.21781
 6.020 1.21778
 6.030 1.21770
 6.040 1.21758
 6.050 1.21743
 6.060 1.21724
 6.070 1.21703
 6.080 1.21679
 6.090 1.21655
 6.100 1.21630
 6.110 1.21605
 6.120 1.21582
 6.130 1.21560
 6.140 1.21541
 6.150 1.21524
