 0.000 0.32834
 0.010 0.33900
 0.020 0.34849
 0.030 0.35660
 0.040 0.36306
 0.050 0.36761
 0.060 0.36998
 0.070 0.36990
 0.080 0.36718
 0.090 0.36162
 0.100 0.35310
 0.110 0.34156
 0.120 0.32699
 0.130 0.30942
 0.140 0.28898
 0.150 0.26582
 0.160 0.24014
 0.170 0.21221
 0.180 0.18230
 0.190 0.15073
 0.200 0.11781
 0.210 0.08390
 0.220 0.04930
 0.230 0.01435
 0.240 -0.02067
 0.250 -0.05550
 0.260 -0.08995
 0.270 -0.12383
 0.280 -0.15702
 0.290 -0.18939
 0.300 -0.22081
 0.310 -0.25115
 0.320 -0.28025
 0.330 -0.30798
 0.340 -0.33417
 0.350 -0.35866
 0.360 -0.38131
 0.370 -0.40198
 0.380 -0.42054
 0.390 -0.43689
 0.400 -0.45095
 0.410 -0.46266
 0.420 -0.47200
 0.430 -0.47898
 0.440 -0.48364
 0.450 -0.48601
 0.460 -0.48619
 0.470 -0.48425
 0.480 -0.48027
 0.490 -0.47436
 0.500 -0.46658
 0.510 -0.45705
 0.520 -0.44587
 0.530 -0.43316
 0.540 -0.41909
 0.550 -0.40382
 0.560 -0.38756
 0.570 -0.37051
 0.580 -0.35289
 0.590 -0.33487
 0.600 -0.31660
 0.610 -0.29819
 0.620 -0.27975
 0.630 -0.26137
 0.640 -0.24312
 0.650 -0.22510
 0.660 -0.20737
 0.670 -0.19001
 0.680 -0.17306
 0.690 -0.15654
 0.700 -0.14046
 0.710 -0.12477
 0.720 -0.10941
 0.730 -0.09429
 0.740 -0.07927
 0.750 -0.06423
 0.760 -0.04905
 0.770 -0.03366
 0.780 -0.01802
 0.790 -0.00213
 0.800 0.01397
 0.810 0.03023
 0.820 0.04657
 0.830 0.06294
 0.840 0.07930
 0.850 0.09562
 0.860 0.11188
 0.870 0.12807
 0.880 0.14416
 0.890 0.16016
 0.900 0.17603
 0.910 0.19174
 0.920 0.20726
 0.930 0.22254
 0.940 0.23749
 0.950 0.25206
 0.960 0.26618
 0.970 0.27981
 0.980 0.29295
 0.990 0.30561
 1.000 0.31784
 1.010 0.32968
 1.020 0.34118
 1.030 0.35241
 1.040 0.36340
 1.050 0.37417
 1.060 0.38474
