 0.000 5.98955
 0.010 5.99385
 0.020 5.99812
 0.030 6.00227
 0.040 6.00625
 0.050 6.00999
 0.060 6.01345
 0.070 6.01661
 0.080 6.01943
 0.090 6.02191
 0.100 6.02404
 0.110 6.02584
 0.120 6.02731
 0.130 6.02847
 0.140 6.02936
 0.150 6.03001
 0.160 6.03043
 0.170 6.03063
 0.180 6.03064
 0.190 6.03047
 0.200 6.03012
 0.210 6.02963
 0.220 6.02898
 0.230 6.02820
 0.240 6.02728
 0.250 6.02622
 0.260 6.02503
 0.270 6.02371
 0.280 6.02227
 0.290 6.02069
 0.300 6.01896
 0.310 6.01709
 0.320 6.01508
 0.330 6.01296
 0.340 6.01075
 0.350 6.00848
 0.360 6.00620
 0.370 6.00394
 0.380 6.00177
 0.390 5.99973
 0.400 5.99788
 0.410 5.99624
 0.420 5.99485
 0.430 5.99375
 0.440 5.99298
 0.450 5.99255
 0.460 5.99249
 0.470 5.99279
 0.480 5.99348
 0.490 5.99457
 0.500 5.99606
 0.510 5.99798
 0.520 6.00026
 0.530 6.00285
 0.540 6.00563
 0.550 6.00850
 0.560 6.01132
 0.570 6.01397
 0.580 6.01637
 0.590 6.01846
 0.600 6.02025
 0.610 6.02171
 0.620 6.02284
 0.630 6.02362
 0.640 6.02407
 0.650 6.02417
 0.660 6.02394
 0.670 6.02342
 0.680 6.02262
 0.690 6.02156
 0.700 6.02028
 0.710 6.01881
 0.720 6.01718
 0.730 6.01544
 0.740 6.01360
 0.750 6.01167
 0.760 6.00965
 0.770 6.00755
 0.780 6.00535
 0.790 6.00305
 0.800 6.00065
 0.810 5.99817
 0.820 5.99562
 0.830 5.99303
 0.840 5.99043
 0.850 5.98785
 0.860 5.98533
 0.870 5.98290
 0.880 5.98061
 0.890 5.97850
 0.900 5.97661
 0.910 5.97498
 0.920 5.97365
 0.930 5.97265
 0.940 5.97200
 0.950 5.97172
 0.960 5.97183
 0.970 5.97233
 0.980 5.97322
 0.990 5.97449
 1.000 5.97609
 1.010 5.97799
 1.020 5.98013
 1.030 5.98243
 1.040 5.98483
 1.050 5.98726
 1.060 5.98969
 1.070 5.99207
 1.080 5.99438
 1.090 5.99663
 1.100 5.99879
 1.110 6.00088
 1.120 6.00288
 1.130 6.00481
 1.140 6.00665
 1.150 6.00843
 1.160 6.01014
 1.170 6.01177
 1.180 6.01330
 1.190 6.01472
 1.200 6.01600
 1.210 6.01712
 1.220 6.01807
 1.230 6.01882
 1.240 6.01936
 1.250 6.01968
 1.260 6.01975
 1.270 6.01955
 1.280 6.01905
 1.290 6.01825
 1.300 6.01713
 1.310 6.01568
 1.320 6.01389
 1.330 6.01178
 1.340 6.00938
 1.350 6.00675
 1.360 6.00395
 1.370 6.00103
 1.380 5.99807
 1.390 5.99516
 1.400 5.99237
 1.410 5.98976
 1.420 5.98738
 1.430 5.98525
 1.440 5.98342
 1.450 5.98192
 1.460 5.98076
 1.470 5.97997
 1.480 5.97958
 1.490 5.97958
 1.500 5.97997
 1.510 5.98075
 1.520 5.98187
 1.530 5.98328
 1.540 5.98495
 1.550 5.98678
 1.560 5.98874
 1.570 5.99075
 1.580 5.99277
 1.590 5.99474
 1.600 5.99664
 1.610 5.99843
 1.620 6.00009
 1.630 6.00159
 1.640 6.00291
 1.650 6.00402
 1.660 6.00490
 1.670 6.00551
 1.680 6.00587
 1.690 6.00599
 1.700 6.00591
 1.710 6.00566
 1.720 6.00528
 1.730 6.00480
 1.740 6.00425
 1.750 6.00366
 1.760 6.00304
 1.770 6.00238
 1.780 6.00171
 1.790 6.00104
 1.800 6.00037
 1.810 5.99971
 1.820 5.99906
 1.830 5.99842
 1.840 5.99779
 1.850 5.99718
 1.860 5.99658
 1.870 5.99599
 1.880 5.99541
 1.890 5.99483
 1.900 5.99421
 1.910 5.99354
 1.920 5.99281
 1.930 5.99202
 1.940 5.99119
 1.950 5.99034
 1.960 5.98948
 1.970 5.98863
 1.980 5.98780
 1.990 5.98701
 2.000 5.98627
 2.010 5.98558
 2.020 5.98496
 2.030 5.98441
 2.040 5.98394
 2.050 5.98355
 2.060 5.98323
 2.070 5.98297
 2.080 5.98277
 2.090 5.98261
 2.100 5.98247
 2.110 5.98236
 2.120 5.98227
 2.130 5.98218
 2.140 5.98210
 2.150 5.98202
 2.160 5.98194
 2.170 5.98187
 2.180 5.98182
 2.190 5.98180
 2.200 5.98181
 2.210 5.98186
 2.220 5.98195
 2.230 5.98208
 2.240 5.98224
 2.250 5.98243
 2.260 5.98265
 2.270 5.98289
 2.280 5.98315
 2.290 5.98345
 2.300 5.98378
 2.310 5.98413
 2.320 5.98452
 2.330 5.98495
 2.340 5.98542
 2.350 5.98593
 2.360 5.98648
 2.370 5.98706
 2.380 5.98769
 2.390 5.98834
 2.400 5.98902
 2.410 5.98971
 2.420 5.99042
 2.430 5.99113
 2.440 5.99185
 2.450 5.99256
 2.460 5.99326
 2.470 5.99394
 2.480 5.99458
 2.490 5.99520
 2.500 5.99578
 2.510 5.99635
 2.520 5.99691
 2.530 5.99747
 2.540 5.99803
 2.550 5.99860
 2.560 5.99916
 2.570 5.99972
 2.580 6.00028
 2.590 6.00081
 2.600 6.00134
 2.610 6.00183
 2.620 6.00229
 2.630 6.00271
 2.640 6.00308
 2.650 6.00341
 2.660 6.00371
 2.670 6.00398
 2.680 6.00421
 2.690 6.00442
 2.700 6.00460
 2.710 6.00477
 2.720 6.00492
 2.730 6.00507
 2.740 6.00523
 2.750 6.00542
 2.760 6.00565
 2.770 6.00590
 2.780 6.00618
 2.790 6.00647
 2.800 6.00677
 2.810 6.00707
 2.820 6.00738
 2.830 6.00767
 2.840 6.00794
 2.850 6.00815
 2.860 6.00829
 2.870 6.00832
 2.880 6.00824
 2.890 6.00805
 2.900 6.00775
 2.910 6.00733
 2.920 6.00680
 2.930 6.00616
 2.940 6.00543
 2.950 6.00459
 2.960 6.00365
 2.970 6.00261
 2.980 6.00146
 2.990 6.00019
 3.000 5.99878
 3.010 5.99725
 3.020 5.99560
 3.030 5.99386
 3.040 5.99206
 3.050 5.99023
 3.060 5.98841
 3.070 5.98664
 3.080 5.98496
 3.090 5.98339
 3.100 5.98197
 3.110 5.98072
 3.120 5.97968
 3.130 5.97886
 3.140 5.97829
 3.150 5.97798
 3.160 5.97791
 3.170 5.97808
 3.180 5.97847
 3.190 5.97906
 3.200 5.97979
 3.210 5.98061
 3.220 5.98146
 3.230 5.98229
 3.240 5.98305
 3.250 5.98370
 3.260 5.98422
 3.270 5.98459
 3.280 5.98481
 3.290 5.98486
 3.300 5.98477
 3.310 5.98455
 3.320 5.98421
 3.330 5.98378
 3.340 5.98328
 3.350 5.98271
 3.360 5.98210
 3.370 5.98146
 3.380 5.98077
 3.390 5.98006
 3.400 5.97932
 3.410 5.97858
 3.420 5.97786
 3.430 5.97721
 3.440 5.97667
 3.450 5.97627
 3.460 5.97604
 3.470 5.97598
 3.480 5.97612
 3.490 5.97643
 3.500 5.97691
 3.510 5.97755
 3.520 5.97833
 3.530 5.97921
 3.540 5.98015
 3.550 5.98109
 3.560 5.98196
 3.570 5.98272
 3.580 5.98331
 3.590 5.98374
 3.600 5.98397
 3.610 5.98399
 3.620 5.98378
 3.630 5.98331
 3.640 5.98258
 3.650 5.98158
 3.660 5.98032
 3.670 5.97880
 3.680 5.97705
 3.690 5.97511
 3.700 5.97300
 3.710 5.97076
 3.720 5.96845
 3.730 5.96613
 3.740 5.96386
 3.750 5.96171
 3.760 5.95976
 3.770 5.95809
 3.780 5.95678
 3.790 5.95591
 3.800 5.95554
 3.810 5.95578
 3.820 5.95670
 3.830 5.95840
 3.840 5.96096
 3.850 5.96447
 3.860 5.96900
 3.870 5.97459
 3.880 5.98125
 3.890 5.98897
 3.900 5.99766
 3.910 6.00721
 3.920 6.01740
 3.930 6.02800
 3.940 6.03870
 3.950 6.04918
 3.960 6.05915
 3.970 6.06838
 3.980 6.07667
 3.990 6.08389
 4.000 6.08996
 4.010 6.09484
 4.020 6.09855
 4.030 6.10114
 4.040 6.10266
 4.050 6.10323
 4.060 6.10294
 4.070 6.10192
 4.080 6.10028
 4.090 6.09812
 4.100 6.09554
 4.110 6.09264
 4.120 6.08951
 4.130 6.08622
 4.140 6.08286
 4.150 6.07952
 4.160 6.07627
 4.170 6.07315
 4.180 6.07017
 4.190 6.06735
 4.200 6.06467
 4.210 6.06211
 4.220 6.05966
 4.230 6.05728
 4.240 6.05498
 4.250 6.05273
 4.260 6.05054
 4.270 6.04839
 4.280 6.04628
 4.290 6.04422
 4.300 6.04222
 4.310 6.04029
 4.320 6.03845
 4.330 6.03672
 4.340 6.03513
 4.350 6.03370
 4.360 6.03243
 4.370 6.03127
 4.380 6.03016
 4.390 6.02901
 4.400 6.02775
 4.410 6.02631
 4.420 6.02465
 4.430 6.02272
 4.440 6.02049
 4.450 6.01793
 4.460 6.01505
 4.470 6.01188
 4.480 6.00848
 4.490 6.00495
 4.500 6.00136
 4.510 5.99782
 4.520 5.99439
 4.530 5.99113
 4.540 5.98807
 4.550 5.98522
 4.560 5.98259
 4.570 5.98015
 4.580 5.97788
 4.590 5.97576
 4.600 5.97376
 4.610 5.97184
 4.620 5.96998
 4.630 5.96814
 4.640 5.96629
 4.650 5.96444
 4.660 5.96258
 4.670 5.96072
 4.680 5.95887
 4.690 5.95707
 4.700 5.95536
 4.710 5.95378
 4.720 5.95239
 4.730 5.95126
 4.740 5.95045
 4.750 5.95000
 4.760 5.94994
 4.770 5.95030
 4.780 5.95106
 4.790 5.95219
 4.800 5.95365
 4.810 5.95539
 4.820 5.95733
 4.830 5.95940
 4.840 5.96152
 4.850 5.96365
 4.860 5.96573
 4.870 5.96771
 4.880 5.96957
 4.890 5.97129
 4.900 5.97286
 4.910 5.97427
 4.920 5.97552
 4.930 5.97661
 4.940 5.97756
 4.950 5.97839
 4.960 5.97914
 4.970 5.97983
 4.980 5.98050
 4.990 5.98118
 5.000 5.98192
 5.010 5.98277
 5.020 5.98374
 5.030 5.98486
 5.040 5.98616
 5.050 5.98764
 5.060 5.98932
 5.070 5.99121
 5.080 5.99330
 5.090 5.99559
 5.100 5.99806
 5.110 6.00069
 5.120 6.00347
 5.130 6.00637
 5.140 6.00938
 5.150 6.01247
 5.160 6.01561
 5.170 6.01875
 5.180 6.02181
 5.190 6.02470
 5.200 6.02734
 5.210 6.02964
 5.220 6.03153
 5.230 6.03296
 5.240 6.03391
 5.250 6.03438
 5.260 6.03437
 5.270 6.03396
 5.280 6.03321
 5.290 6.03222
 5.300 6.03113
 5.310 6.03003
 5.320 6.02903
 5.330 6.02821
 5.340 6.02762
 5.350 6.02729
 5.360 6.02724
 5.370 6.02744
 5.380 6.02789
 5.390 6.02854
 5.400 6.02933
 5.410 6.03020
 5.420 6.03107
 5.430 6.03190
 5.440 6.03260
 5.450 6.03313
 5.460 6.03342
 5.470 6.03340
 5.480 6.03304
 5.490 6.03229
 5.500 6.03114
 5.510 6.02961
 5.520 6.02770
 5.530 6.02547
 5.540 6.02296
 5.550 6.02020
 5.560 6.01725
 5.570 6.01417
 5.580 6.01102
 5.590 6.00786
 5.600 6.00477
 5.610 6.00182
 5.620 5.99909
 5.630 5.99665
 5.640 5.99455
 5.650 5.99283
 5.660 5.99152
 5.670 5.99062
 5.680 5.99013
 5.690 5.99001
 5.700 5.99025
 5.710 5.99081
 5.720 5.99164
 5.730 5.99268
 5.740 5.99389
 5.750 5.99522
 5.760 5.99660
 5.770 5.99799
 5.780 5.99933
 5.790 6.00058
 5.800 6.00169
 5.810 6.00263
 5.820 6.00338
 5.830 6.00394
 5.840 6.00427
 5.850 6.00436
 5.860 6.00418
 5.870 6.00372
 5.880 6.00299
 5.890 6.00200
 5.900 6.00078
 5.910 5.99933
 5.920 5.99769
 5.930 5.99584
 5.940 5.99380
 5.950 5.99155
 5.960 5.98910
 5.970 5.98646
 5.980 5.98365
 5.990 5.98071
 6.000 5.97770
 6.010 5.97468
 6.020 5.97173
 6.030 5.96892
 6.040 5.96629
 6.050 5.96390
 6.060 5.96182
 6.070 5.96007
 6.080 5.95869
 6.090 5.95767
 6.100 5.95702
 6.110 5.95667
 6.120 5.95659
 6.130 5.95671
 6.140 5.95696
 6.150 5.95729
