 0.000 5.71422
 0.010 5.71680
 0.020 5.72008
 0.030 5.72450
 0.040 5.73049
 0.050 5.73844
 0.060 5.74870
 0.070 5.76149
 0.080 5.77684
 0.090 5.79455
 0.100 5.81419
 0.110 5.83523
 0.120 5.85706
 0.130 5.87910
 0.140 5.90081
 0.150 5.92175
 0.160 5.94156
 0.170 5.95997
 0.180 5.97682
 0.190 5.99203
 0.200 6.00558
 0.210 6.01750
 0.220 6.02784
 0.230 6.03669
 0.240 6.04412
 0.250 6.05024
 0.260 6.05511
 0.270 6.05882
 0.280 6.06143
 0.290 6.06300
 0.300 6.06361
 0.310 6.06329
 0.320 6.06209
 0.330 6.06000
 0.340 6.05699
 0.350 6.05298
 0.360 6.04788
 0.370 6.04154
 0.380 6.03383
 0.390 6.02458
 0.400 6.01367
 0.410 6.00097
 0.420 5.98639
 0.430 5.96983
 0.440 5.95122
 0.450 5.93049
 0.460 5.90756
 0.470 5.88235
 0.480 5.85478
 0.490 5.82481
 0.500 5.79239
 0.510 5.75757
 0.520 5.72044
 0.530 5.68120
 0.540 5.64014
 0.550 5.59772
 0.560 5.55455
 0.570 5.51149
 0.580 5.46968
 0.590 5.43058
 0.600 5.39594
 0.610 5.36773
 0.620 5.34794
 0.630 5.33834
 0.640 5.34002
 0.650 5.35302
 0.660 5.37603
 0.670 5.40655
 0.680 5.44135
 0.690 5.47721
 0.700 5.51158
 0.710 5.54293
 0.720 5.57067
 0.730 5.59489
 0.740 5.61606
 0.750 5.63479
 0.760 5.65163
 0.770 5.66700
 0.780 5.68111
 0.790 5.69399
 0.800 5.70556
 0.810 5.71572
 0.820 5.72437
 0.830 5.73154
 0.840 5.73734
 0.850 5.74202
 0.860 5.74587
 0.870 5.74924
 0.880 5.75243
 0.890 5.75569
 0.900 5.75915
 0.910 5.76276
 0.920 5.76638
 0.930 5.76974
 0.940 5.77250
 0.950 5.77429
 0.960 5.77477
 0.970 5.77367
 0.980 5.77077
 0.990 5.76592
 1.000 5.75908
 1.010 5.75037
 1.020 5.74009
 1.030 5.72868
 1.040 5.71671
 1.050 5.70486
 1.060 5.69385
