 0.000 0.27230
 0.010 0.35938
 0.020 0.37181
 0.030 0.38456
 0.040 0.39755
 0.050 0.41069
 0.060 0.42392
 0.070 0.43716
 0.080 0.45037
 0.090 0.46352
 0.100 0.47657
 0.110 0.48951
 0.120 0.50233
 0.130 0.51501
 0.140 0.52756
 0.150 0.53998
 0.160 0.55227
 0.170 0.56442
 0.180 0.57646
 0.190 0.58838
 0.200 0.60020
 0.210 0.61191
 0.220 0.62354
 0.230 0.63509
 0.240 0.64657
 0.250 0.65800
 0.260 0.66939
 0.270 0.68074
 0.280 0.69205
 0.290 0.70334
 0.300 0.71461
 0.310 0.72585
 0.320 0.73707
 0.330 0.74829
 0.340 0.75951
 0.350 0.77073
 0.360 0.78197
 0.370 0.79323
 0.380 0.80452
 0.390 0.81585
 0.400 0.82723
 0.410 0.83867
 0.420 0.85018
 0.430 0.86176
 0.440 0.87344
 0.450 0.88522
 0.460 0.89712
 0.470 0.90915
 0.480 0.92131
 0.490 0.93363
 0.500 0.94610
 0.510 0.95874
 0.520 0.97153
 0.530 0.98449
 0.540 0.99759
 0.550 1.01082
 0.560 1.02416
 0.570 1.03758
 0.580 1.05105
 0.590 1.06454
 0.600 1.07801
 0.610 1.09142
 0.620 1.10473
 0.630 1.11793
 0.640 1.13097
 0.650 1.14385
 0.660 1.15655
 0.670 1.16907
 0.680 1.18140
 0.690 1.19355
 0.700 1.20552
 0.710 1.21732
 0.720 1.22897
 0.730 1.24048
 0.740 1.25186
 0.750 1.26314
 0.760 1.27432
 0.770 1.28542
 0.780 1.29645
 0.790 1.30743
 0.800 1.31836
 0.810 1.32924
 0.820 1.34010
 0.830 1.35093
 0.840 1.36176
 0.850 1.37259
 0.860 1.38345
 0.870 1.39436
 0.880 1.40534
 0.890 1.41640
 0.900 1.42757
 0.910 1.43885
 0.920 1.45026
 0.930 1.46181
 0.940 1.47348
 0.950 1.48526
 0.960 1.49712
 0.970 1.50901
 0.980 1.52088
 0.990 1.53264
 1.000 1.54420
 1.010 1.55543
 1.020 1.56619
 1.030 1.57633
 1.040 1.58567
 1.050 1.59405
 1.060 1.60129
