 0.000 3.40789
 0.010 3.40894
 0.020 3.40999
 0.030 3.41102
 0.040 3.41200
 0.050 3.41294
 0.060 3.41381
 0.070 3.41462
 0.080 3.41536
 0.090 3.41604
 0.100 3.41666
 0.110 3.41725
 0.120 3.41781
 0.130 3.41835
 0.140 3.41888
 0.150 3.41941
 0.160 3.41994
 0.170 3.42046
 0.180 3.42097
 0.190 3.42145
 0.200 3.42190
 0.210 3.42228
 0.220 3.42257
 0.230 3.42275
 0.240 3.42278
 0.250 3.42261
 0.260 3.42223
 0.270 3.42160
 0.280 3.42070
 0.290 3.41952
 0.300 3.41805
 0.310 3.41629
 0.320 3.41426
 0.330 3.41197
 0.340 3.40946
 0.350 3.40679
 0.360 3.40399
 0.370 3.40112
 0.380 3.39822
 0.390 3.39539
 0.400 3.39272
 0.410 3.39032
 0.420 3.38831
 0.430 3.38679
 0.440 3.38583
 0.450 3.38550
 0.460 3.38583
 0.470 3.38687
 0.480 3.38866
 0.490 3.39125
 0.500 3.39468
 0.510 3.39897
 0.520 3.40415
 0.530 3.41020
 0.540 3.41713
 0.550 3.42490
 0.560 3.43350
 0.570 3.44291
 0.580 3.45306
 0.590 3.46389
 0.600 3.47529
 0.610 3.48715
 0.620 3.49931
 0.630 3.51164
 0.640 3.52396
 0.650 3.53611
 0.660 3.54792
 0.670 3.55922
 0.680 3.56986
 0.690 3.57971
 0.700 3.58870
 0.710 3.59677
 0.720 3.60393
 0.730 3.61023
 0.740 3.61577
 0.750 3.62066
 0.760 3.62507
 0.770 3.62916
 0.780 3.63310
 0.790 3.63701
 0.800 3.64099
 0.810 3.64509
 0.820 3.64934
 0.830 3.65374
 0.840 3.65830
 0.850 3.66305
 0.860 3.66801
 0.870 3.67321
 0.880 3.67872
 0.890 3.68457
 0.900 3.69081
 0.910 3.69749
 0.920 3.70462
 0.930 3.71219
 0.940 3.72015
 0.950 3.72843
 0.960 3.73696
 0.970 3.74562
 0.980 3.75432
 0.990 3.76293
 1.000 3.77137
 1.010 3.77954
 1.020 3.78736
 1.030 3.79477
 1.040 3.80173
 1.050 3.80822
 1.060 3.81424
 1.070 3.81983
 1.080 3.82507
 1.090 3.83005
 1.100 3.83484
 1.110 3.83952
 1.120 3.84413
 1.130 3.84866
 1.140 3.85303
 1.150 3.85712
 1.160 3.86078
 1.170 3.86386
 1.180 3.86625
 1.190 3.86785
 1.200 3.86863
 1.210 3.86861
 1.220 3.86785
 1.230 3.86648
 1.240 3.86467
 1.250 3.86258
 1.260 3.86037
 1.270 3.85819
 1.280 3.85615
 1.290 3.85435
 1.300 3.85286
 1.310 3.85168
 1.320 3.85082
 1.330 3.85025
 1.340 3.84990
 1.350 3.84972
 1.360 3.84965
 1.370 3.84961
 1.380 3.84953
 1.390 3.84937
 1.400 3.84906
 1.410 3.84856
 1.420 3.84785
 1.430 3.84691
 1.440 3.84574
 1.450 3.84435
 1.460 3.84274
 1.470 3.84093
 1.480 3.83893
 1.490 3.83675
 1.500 3.83442
 1.510 3.83195
 1.520 3.82935
 1.530 3.82665
 1.540 3.82388
 1.550 3.82107
 1.560 3.81824
 1.570 3.81539
 1.580 3.81251
 1.590 3.80957
 1.600 3.80655
 1.610 3.80340
 1.620 3.80009
 1.630 3.79660
 1.640 3.79291
 1.650 3.78903
 1.660 3.78500
 1.670 3.78083
 1.680 3.77655
 1.690 3.77220
 1.700 3.76780
 1.710 3.76339
 1.720 3.75900
 1.730 3.75465
 1.740 3.75036
 1.750 3.74612
 1.760 3.74191
 1.770 3.73770
 1.780 3.73343
 1.790 3.72905
 1.800 3.72451
 1.810 3.71977
 1.820 3.71479
 1.830 3.70953
 1.840 3.70398
 1.850 3.69811
 1.860 3.69193
 1.870 3.68545
 1.880 3.67872
 1.890 3.67180
 1.900 3.66473
 1.910 3.65757
 1.920 3.65037
 1.930 3.64318
 1.940 3.63605
 1.950 3.62904
 1.960 3.62220
 1.970 3.61555
 1.980 3.60915
 1.990 3.60300
 2.000 3.59715
 2.010 3.59161
 2.020 3.58639
 2.030 3.58150
 2.040 3.57692
 2.050 3.57266
 2.060 3.56872
 2.070 3.56510
 2.080 3.56180
 2.090 3.55882
 2.100 3.55615
 2.110 3.55379
 2.120 3.55171
 2.130 3.54991
 2.140 3.54839
 2.150 3.54711
 2.160 3.54605
 2.170 3.54515
 2.180 3.54436
 2.190 3.54363
 2.200 3.54291
 2.210 3.54216
 2.220 3.54134
 2.230 3.54046
 2.240 3.53952
 2.250 3.53852
 2.260 3.53746
 2.270 3.53638
 2.280 3.53528
 2.290 3.53420
 2.300 3.53316
 2.310 3.53217
 2.320 3.53124
 2.330 3.53037
 2.340 3.52952
 2.350 3.52869
 2.360 3.52783
 2.370 3.52693
 2.380 3.52598
 2.390 3.52497
 2.400 3.52390
 2.410 3.52279
 2.420 3.52164
 2.430 3.52048
 2.440 3.51935
 2.450 3.51830
 2.460 3.51736
 2.470 3.51658
 2.480 3.51597
 2.490 3.51554
 2.500 3.51529
 2.510 3.51518
 2.520 3.51517
 2.530 3.51519
 2.540 3.51519
 2.550 3.51513
 2.560 3.51495
 2.570 3.51464
 2.580 3.51419
 2.590 3.51357
 2.600 3.51281
 2.610 3.51191
 2.620 3.51092
 2.630 3.50990
 2.640 3.50890
 2.650 3.50798
 2.660 3.50721
 2.670 3.50666
 2.680 3.50638
 2.690 3.50642
 2.700 3.50678
 2.710 3.50748
 2.720 3.50850
 2.730 3.50982
 2.740 3.51141
 2.750 3.51324
 2.760 3.51524
 2.770 3.51736
 2.780 3.51955
 2.790 3.52177
 2.800 3.52397
 2.810 3.52612
 2.820 3.52820
 2.830 3.53018
 2.840 3.53205
 2.850 3.53380
 2.860 3.53541
 2.870 3.53691
 2.880 3.53832
 2.890 3.53968
 2.900 3.54104
 2.910 3.54247
 2.920 3.54404
 2.930 3.54582
 2.940 3.54786
 2.950 3.55020
 2.960 3.55286
 2.970 3.55584
 2.980 3.55914
 2.990 3.56270
 3.000 3.56649
 3.010 3.57047
 3.020 3.57457
 3.030 3.57877
 3.040 3.58303
 3.050 3.58731
 3.060 3.59158
 3.070 3.59582
 3.080 3.60000
 3.090 3.60414
 3.100 3.60827
 3.110 3.61245
 3.120 3.61675
 3.130 3.62126
 3.140 3.62606
 3.150 3.63122
 3.160 3.63679
 3.170 3.64282
 3.180 3.64936
 3.190 3.65643
 3.200 3.66402
 3.210 3.67214
 3.220 3.68076
 3.230 3.68987
 3.240 3.69942
 3.250 3.70942
 3.260 3.71984
 3.270 3.73067
 3.280 3.74190
 3.290 3.75352
 3.300 3.76552
 3.310 3.77789
 3.320 3.79061
 3.330 3.80366
 3.340 3.81703
 3.350 3.83072
 3.360 3.84472
 3.370 3.85905
 3.380 3.87372
 3.390 3.88876
 3.400 3.90421
 3.410 3.92014
 3.420 3.93658
 3.430 3.95357
 3.440 3.97116
 3.450 3.98935
 3.460 4.00815
 3.470 4.02758
 3.480 4.04766
 3.490 4.06842
 3.500 4.08990
 3.510 4.11212
 3.520 4.13509
 3.530 4.15878
 3.540 4.18311
 3.550 4.20794
 3.560 4.23307
 3.570 4.25825
 3.580 4.28317
 3.590 4.30756
 3.600 4.33107
 3.610 4.35343
 3.620 4.37433
 3.630 4.39354
 3.640 4.41082
 3.650 4.42600
 3.660 4.43893
 3.670 4.44951
 3.680 4.45771
 3.690 4.46356
 3.700 4.46714
 3.710 4.46861
 3.720 4.46814
 3.730 4.46597
 3.740 4.46235
 3.750 4.45755
 3.760 4.45183
 3.770 4.44545
 3.780 4.43865
 3.790 4.43165
 3.800 4.42463
 3.810 4.41776
 3.820 4.41117
 3.830 4.40498
 3.840 4.39924
 3.850 4.39402
 3.860 4.38936
 3.870 4.38531
 3.880 4.38190
 3.890 4.37924
 3.900 4.37742
 3.910 4.37659
 3.920 4.37688
 3.930 4.37846
 3.940 4.38151
 3.950 4.38619
 3.960 4.39266
 3.970 4.40106
 3.980 4.41146
 3.990 4.42388
 4.000 4.43827
 4.010 4.45456
 4.020 4.47265
 4.030 4.49245
 4.040 4.51396
 4.050 4.53720
 4.060 4.56229
 4.070 4.58934
 4.080 4.61850
 4.090 4.64986
 4.100 4.68350
 4.110 4.71942
 4.120 4.75751
 4.130 4.79759
 4.140 4.83938
 4.150 4.88250
 4.160 4.92649
 4.170 4.97084
 4.180 5.01498
 4.190 5.05834
 4.200 5.10032
 4.210 5.14039
 4.220 5.17804
 4.230 5.21285
 4.240 5.24448
 4.250 5.27272
 4.260 5.29746
 4.270 5.31874
 4.280 5.33672
 4.290 5.35165
 4.300 5.36389
 4.310 5.37382
 4.320 5.38188
 4.330 5.38855
 4.340 5.39430
 4.350 5.39957
 4.360 5.40480
 4.370 5.41040
 4.380 5.41670
 4.390 5.42398
 4.400 5.43240
 4.410 5.44204
 4.420 5.45289
 4.430 5.46483
 4.440 5.47766
 4.450 5.49108
 4.460 5.50472
 4.470 5.51819
 4.480 5.53106
 4.490 5.54292
 4.500 5.55341
 4.510 5.56227
 4.520 5.56934
 4.530 5.57460
 4.540 5.57813
 4.550 5.58012
 4.560 5.58080
 4.570 5.58042
 4.580 5.57920
 4.590 5.57729
 4.600 5.57476
 4.610 5.57161
 4.620 5.56776
 4.630 5.56307
 4.640 5.55738
 4.650 5.55058
 4.660 5.54259
 4.670 5.53341
 4.680 5.52309
 4.690 5.51174
 4.700 5.49949
 4.710 5.48649
 4.720 5.47286
 4.730 5.45876
 4.740 5.44430
 4.750 5.42960
 4.760 5.41477
 4.770 5.39992
 4.780 5.38517
 4.790 5.37065
 4.800 5.35649
 4.810 5.34283
 4.820 5.32976
 4.830 5.31738
 4.840 5.30571
 4.850 5.29476
 4.860 5.28448
 4.870 5.27480
 4.880 5.26561
 4.890 5.25680
 4.900 5.24826
 4.910 5.23990
 4.920 5.23166
 4.930 5.22349
 4.940 5.21539
 4.950 5.20737
 4.960 5.19945
 4.970 5.19166
 4.980 5.18404
 4.990 5.17662
 5.000 5.16939
 5.010 5.16238
 5.020 5.15558
 5.030 5.14898
 5.040 5.14256
 5.050 5.13633
 5.060 5.13025
 5.070 5.12431
 5.080 5.11849
 5.090 5.11275
 5.100 5.10705
 5.110 5.10130
 5.120 5.09542
 5.130 5.08931
 5.140 5.08287
 5.150 5.07603
 5.160 5.06874
 5.170 5.06096
 5.180 5.05269
 5.190 5.04397
 5.200 5.03485
 5.210 5.02545
 5.220 5.01586
 5.230 5.00622
 5.240 4.99666
 5.250 4.98732
 5.260 4.97834
 5.270 4.96986
 5.280 4.96204
 5.290 4.95505
 5.300 4.94904
 5.310 4.94419
 5.320 4.94065
 5.330 4.93857
 5.340 4.93811
 5.350 4.93938
 5.360 4.94250
 5.370 4.94755
 5.380 4.95460
 5.390 4.96368
 5.400 4.97482
 5.410 4.98800
 5.420 5.00318
 5.430 5.02029
 5.440 5.03924
 5.450 5.05990
 5.460 5.08217
 5.470 5.10588
 5.480 5.13089
 5.490 5.15705
 5.500 5.18417
 5.510 5.21211
 5.520 5.24067
 5.530 5.26967
 5.540 5.29893
 5.550 5.32822
 5.560 5.35729
 5.570 5.38587
 5.580 5.41368
 5.590 5.44039
 5.600 5.46569
 5.610 5.48928
 5.620 5.51088
 5.630 5.53026
 5.640 5.54727
 5.650 5.56183
 5.660 5.57391
 5.670 5.58357
 5.680 5.59092
 5.690 5.59608
 5.700 5.59924
 5.710 5.60059
 5.720 5.60035
 5.730 5.59873
 5.740 5.59596
 5.750 5.59228
 5.760 5.58791
 5.770 5.58308
 5.780 5.57800
 5.790 5.57283
 5.800 5.56774
 5.810 5.56286
 5.820 5.55829
 5.830 5.55409
 5.840 5.55029
 5.850 5.54688
 5.860 5.54383
 5.870 5.54108
 5.880 5.53854
 5.890 5.53616
 5.900 5.53385
 5.910 5.53156
 5.920 5.52923
 5.930 5.52682
 5.940 5.52427
 5.950 5.52153
 5.960 5.51855
 5.970 5.51528
 5.980 5.51168
 5.990 5.50769
 6.000 5.50328
 6.010 5.49839
 6.020 5.49299
 6.030 5.48705
 6.040 5.48053
 6.050 5.47342
 6.060 5.46571
 6.070 5.45743
 6.080 5.44865
 6.090 5.43945
 6.100 5.42996
 6.110 5.42035
 6.120 5.41080
 6.130 5.40155
 6.140 5.39284
 6.150 5.38496
