 0.000 4.69436
 0.010 4.69463
 0.020 4.69490
 0.030 4.69515
 0.040 4.69538
 0.050 4.69557
 0.060 4.69573
 0.070 4.69585
 0.080 4.69594
 0.090 4.69599
 0.100 4.69602
 0.110 4.69601
 0.120 4.69599
 0.130 4.69595
 0.140 4.69590
 0.150 4.69586
 0.160 4.69583
 0.170 4.69582
 0.180 4.69583
 0.190 4.69588
 0.200 4.69596
 0.210 4.69607
 0.220 4.69624
 0.230 4.69644
 0.240 4.69670
 0.250 4.69700
 0.260 4.69735
 0.270 4.69775
 0.280 4.69821
 0.290 4.69872
 0.300 4.69928
 0.310 4.69991
 0.320 4.70058
 0.330 4.70132
 0.340 4.70211
 0.350 4.70297
 0.360 4.70389
 0.370 4.70487
 0.380 4.70594
 0.390 4.70709
 0.400 4.70835
 0.410 4.70972
 0.420 4.71122
 0.430 4.71288
 0.440 4.71471
 0.450 4.71676
 0.460 4.71905
 0.470 4.72163
 0.480 4.72456
 0.490 4.72788
 0.500 4.73165
 0.510 4.73594
 0.520 4.74079
 0.530 4.74624
 0.540 4.75230
 0.550 4.75899
 0.560 4.76627
 0.570 4.77409
 0.580 4.78236
 0.590 4.79099
 0.600 4.79984
 0.610 4.80875
 0.620 4.81756
 0.630 4.82608
 0.640 4.83415
 0.650 4.84160
 0.660 4.84832
 0.670 4.85421
 0.680 4.85920
 0.690 4.86328
 0.700 4.86648
 0.710 4.86884
 0.720 4.87043
 0.730 4.87133
 0.740 4.87166
 0.750 4.87151
 0.760 4.87100
 0.770 4.87025
 0.780 4.86938
 0.790 4.86847
 0.800 4.86765
 0.810 4.86698
 0.820 4.86654
 0.830 4.86638
 0.840 4.86654
 0.850 4.86707
 0.860 4.86797
 0.870 4.86926
 0.880 4.87096
 0.890 4.87305
 0.900 4.87554
 0.910 4.87841
 0.920 4.88166
 0.930 4.88527
 0.940 4.88920
 0.950 4.89343
 0.960 4.89793
 0.970 4.90264
 0.980 4.90752
 0.990 4.91251
 1.000 4.91754
 1.010 4.92254
 1.020 4.92745
 1.030 4.93220
 1.040 4.93673
 1.050 4.94098
 1.060 4.94491
 1.070 4.94846
 1.080 4.95159
 1.090 4.95425
 1.100 4.95637
 1.110 4.95791
 1.120 4.95883
 1.130 4.95909
 1.140 4.95868
 1.150 4.95760
 1.160 4.95586
 1.170 4.95349
 1.180 4.95051
 1.190 4.94697
 1.200 4.94291
 1.210 4.93837
 1.220 4.93340
 1.230 4.92807
 1.240 4.92244
 1.250 4.91658
 1.260 4.91058
 1.270 4.90450
 1.280 4.89841
 1.290 4.89238
 1.300 4.88645
 1.310 4.88068
 1.320 4.87508
 1.330 4.86970
 1.340 4.86455
 1.350 4.85963
 1.360 4.85495
 1.370 4.85049
 1.380 4.84626
 1.390 4.84222
 1.400 4.83836
 1.410 4.83466
 1.420 4.83108
 1.430 4.82763
 1.440 4.82429
 1.450 4.82106
 1.460 4.81794
 1.470 4.81491
 1.480 4.81199
 1.490 4.80916
 1.500 4.80644
 1.510 4.80381
 1.520 4.80128
 1.530 4.79885
 1.540 4.79653
 1.550 4.79433
 1.560 4.79224
 1.570 4.79026
 1.580 4.78835
 1.590 4.78649
 1.600 4.78465
 1.610 4.78277
 1.620 4.78082
 1.630 4.77877
 1.640 4.77660
 1.650 4.77430
 1.660 4.77186
 1.670 4.76928
 1.680 4.76656
 1.690 4.76369
 1.700 4.76068
 1.710 4.75752
 1.720 4.75421
 1.730 4.75073
 1.740 4.74710
 1.750 4.74331
 1.760 4.73937
 1.770 4.73528
 1.780 4.73107
 1.790 4.72675
 1.800 4.72236
 1.810 4.71790
 1.820 4.71343
 1.830 4.70895
 1.840 4.70450
 1.850 4.70011
 1.860 4.69579
 1.870 4.69157
 1.880 4.68748
 1.890 4.68352
 1.900 4.67972
 1.910 4.67607
 1.920 4.67258
 1.930 4.66926
 1.940 4.66611
 1.950 4.66315
 1.960 4.66036
 1.970 4.65773
 1.980 4.65525
 1.990 4.65291
 2.000 4.65068
 2.010 4.64857
 2.020 4.64655
 2.030 4.64461
 2.040 4.64275
 2.050 4.64097
 2.060 4.63927
 2.070 4.63765
 2.080 4.63611
 2.090 4.63465
 2.100 4.63327
 2.110 4.63198
 2.120 4.63076
 2.130 4.62961
 2.140 4.62852
 2.150 4.62749
 2.160 4.62652
 2.170 4.62561
 2.180 4.62476
 2.190 4.62398
 2.200 4.62329
 2.210 4.62269
 2.220 4.62220
 2.230 4.62183
 2.240 4.62161
 2.250 4.62156
 2.260 4.62168
 2.270 4.62202
 2.280 4.62257
 2.290 4.62337
 2.300 4.62443
 2.310 4.62575
 2.320 4.62734
 2.330 4.62919
 2.340 4.63128
 2.350 4.63359
 2.360 4.63608
 2.370 4.63873
 2.380 4.64150
 2.390 4.64436
 2.400 4.64727
 2.410 4.65019
 2.420 4.65310
 2.430 4.65598
 2.440 4.65880
 2.450 4.66155
 2.460 4.66423
 2.470 4.66682
 2.480 4.66933
 2.490 4.67175
 2.500 4.67409
 2.510 4.67635
 2.520 4.67853
 2.530 4.68063
 2.540 4.68264
 2.550 4.68457
 2.560 4.68641
 2.570 4.68817
 2.580 4.68984
 2.590 4.69141
 2.600 4.69287
 2.610 4.69423
 2.620 4.69547
 2.630 4.69658
 2.640 4.69755
 2.650 4.69838
 2.660 4.69904
 2.670 4.69955
 2.680 4.69990
 2.690 4.70009
 2.700 4.70013
 2.710 4.70003
 2.720 4.69980
 2.730 4.69946
 2.740 4.69902
 2.750 4.69850
 2.760 4.69790
 2.770 4.69725
 2.780 4.69654
 2.790 4.69579
 2.800 4.69501
 2.810 4.69419
 2.820 4.69333
 2.830 4.69245
 2.840 4.69154
 2.850 4.69060
 2.860 4.68963
 2.870 4.68863
 2.880 4.68761
 2.890 4.68656
 2.900 4.68550
 2.910 4.68441
 2.920 4.68330
 2.930 4.68216
 2.940 4.68099
 2.950 4.67978
 2.960 4.67853
 2.970 4.67723
 2.980 4.67586
 2.990 4.67442
 3.000 4.67290
 3.010 4.67129
 3.020 4.66958
 3.030 4.66777
 3.040 4.66585
 3.050 4.66382
 3.060 4.66170
 3.070 4.65948
 3.080 4.65718
 3.090 4.65481
 3.100 4.65240
 3.110 4.64994
 3.120 4.64748
 3.130 4.64501
 3.140 4.64257
 3.150 4.64016
 3.160 4.63780
 3.170 4.63549
 3.180 4.63326
 3.190 4.63110
 3.200 4.62901
 3.210 4.62701
 3.220 4.62508
 3.230 4.62322
 3.240 4.62143
 3.250 4.61971
 3.260 4.61806
 3.270 4.61649
 3.280 4.61500
 3.290 4.61362
 3.300 4.61236
 3.310 4.61125
 3.320 4.61030
 3.330 4.60955
 3.340 4.60903
 3.350 4.60875
 3.360 4.60874
 3.370 4.60902
 3.380 4.60959
 3.390 4.61046
 3.400 4.61162
 3.410 4.61307
 3.420 4.61479
 3.430 4.61676
 3.440 4.61894
 3.450 4.62132
 3.460 4.62386
 3.470 4.62652
 3.480 4.62930
 3.490 4.63215
 3.500 4.63504
 3.510 4.63795
 3.520 4.64086
 3.530 4.64375
 3.540 4.64659
 3.550 4.64936
 3.560 4.65204
 3.570 4.65460
 3.580 4.65703
 3.590 4.65930
 3.600 4.66139
 3.610 4.66329
 3.620 4.66499
 3.630 4.66649
 3.640 4.66780
 3.650 4.66890
 3.660 4.66982
 3.670 4.67055
 3.680 4.67111
 3.690 4.67148
 3.700 4.67168
 3.710 4.67171
 3.720 4.67156
 3.730 4.67124
 3.740 4.67074
 3.750 4.67006
 3.760 4.66920
 3.770 4.66815
 3.780 4.66691
 3.790 4.66548
 3.800 4.66384
 3.810 4.66199
 3.820 4.65992
 3.830 4.65762
 3.840 4.65511
 3.850 4.65239
 3.860 4.64950
 3.870 4.64649
 3.880 4.64343
 3.890 4.64041
 3.900 4.63754
 3.910 4.63495
 3.920 4.63277
 3.930 4.63114
 3.940 4.63017
 3.950 4.63000
 3.960 4.63070
 3.970 4.63237
 3.980 4.63505
 3.990 4.63877
 4.000 4.64352
 4.010 4.64927
 4.020 4.65596
 4.030 4.66351
 4.040 4.67181
 4.050 4.68073
 4.060 4.69015
 4.070 4.69991
 4.080 4.70988
 4.090 4.71992
 4.100 4.72992
 4.110 4.73978
 4.120 4.74941
 4.130 4.75872
 4.140 4.76766
 4.150 4.77615
 4.160 4.78414
 4.170 4.79154
 4.180 4.79831
 4.190 4.80438
 4.200 4.80971
 4.210 4.81428
 4.220 4.81807
 4.230 4.82111
 4.240 4.82347
 4.250 4.82523
 4.260 4.82650
 4.270 4.82742
 4.280 4.82813
 4.290 4.82877
 4.300 4.82947
 4.310 4.83033
 4.320 4.83145
 4.330 4.83289
 4.340 4.83465
 4.350 4.83676
 4.360 4.83920
 4.370 4.84192
 4.380 4.84490
 4.390 4.84807
 4.400 4.85141
 4.410 4.85484
 4.420 4.85833
 4.430 4.86185
 4.440 4.86535
 4.450 4.86879
 4.460 4.87214
 4.470 4.87537
 4.480 4.87844
 4.490 4.88134
 4.500 4.88403
 4.510 4.88650
 4.520 4.88875
 4.530 4.89076
 4.540 4.89251
 4.550 4.89398
 4.560 4.89515
 4.570 4.89601
 4.580 4.89654
 4.590 4.89672
 4.600 4.89654
 4.610 4.89599
 4.620 4.89506
 4.630 4.89374
 4.640 4.89205
 4.650 4.88998
 4.660 4.88755
 4.670 4.88477
 4.680 4.88167
 4.690 4.87829
 4.700 4.87467
 4.710 4.87084
 4.720 4.86685
 4.730 4.86274
 4.740 4.85855
 4.750 4.85431
 4.760 4.85005
 4.770 4.84580
 4.780 4.84160
 4.790 4.83749
 4.800 4.83350
 4.810 4.82968
 4.820 4.82607
 4.830 4.82271
 4.840 4.81960
 4.850 4.81677
 4.860 4.81422
 4.870 4.81195
 4.880 4.80993
 4.890 4.80816
 4.900 4.80660
 4.910 4.80522
 4.920 4.80401
 4.930 4.80293
 4.940 4.80196
 4.950 4.80109
 4.960 4.80030
 4.970 4.79957
 4.980 4.79888
 4.990 4.79822
 5.000 4.79754
 5.010 4.79684
 5.020 4.79608
 5.030 4.79524
 5.040 4.79430
 5.050 4.79324
 5.060 4.79204
 5.070 4.79067
 5.080 4.78912
 5.090 4.78736
 5.100 4.78536
 5.110 4.78311
 5.120 4.78058
 5.130 4.77774
 5.140 4.77458
 5.150 4.77110
 5.160 4.76729
 5.170 4.76317
 5.180 4.75876
 5.190 4.75408
 5.200 4.74918
 5.210 4.74408
 5.220 4.73882
 5.230 4.73343
 5.240 4.72794
 5.250 4.72237
 5.260 4.71676
 5.270 4.71113
 5.280 4.70550
 5.290 4.69992
 5.300 4.69443
 5.310 4.68904
 5.320 4.68380
 5.330 4.67872
 5.340 4.67383
 5.350 4.66913
 5.360 4.66462
 5.370 4.66032
 5.380 4.65624
 5.390 4.65236
 5.400 4.64871
 5.410 4.64527
 5.420 4.64205
 5.430 4.63905
 5.440 4.63627
 5.450 4.63370
 5.460 4.63134
 5.470 4.62920
 5.480 4.62725
 5.490 4.62551
 5.500 4.62397
 5.510 4.62262
 5.520 4.62146
 5.530 4.62050
 5.540 4.61973
 5.550 4.61915
 5.560 4.61875
 5.570 4.61854
 5.580 4.61850
 5.590 4.61864
 5.600 4.61895
 5.610 4.61943
 5.620 4.62008
 5.630 4.62090
 5.640 4.62189
 5.650 4.62304
 5.660 4.62436
 5.670 4.62584
 5.680 4.62747
 5.690 4.62923
 5.700 4.63110
 5.710 4.63307
 5.720 4.63511
 5.730 4.63719
 5.740 4.63930
 5.750 4.64140
 5.760 4.64347
 5.770 4.64549
 5.780 4.64745
 5.790 4.64934
 5.800 4.65114
 5.810 4.65287
 5.820 4.65453
 5.830 4.65612
 5.840 4.65765
 5.850 4.65913
 5.860 4.66056
 5.870 4.66196
 5.880 4.66333
 5.890 4.66468
 5.900 4.66599
 5.910 4.66727
 5.920 4.66851
 5.930 4.66970
 5.940 4.67082
 5.950 4.67188
 5.960 4.67286
 5.970 4.67376
 5.980 4.67455
 5.990 4.67523
 6.000 4.67580
 6.010 4.67625
 6.020 4.67657
 6.030 4.67678
 6.040 4.67686
 6.050 4.67683
 6.060 4.67669
 6.070 4.67643
 6.080 4.67608
 6.090 4.67564
 6.100 4.67514
 6.110 4.67459
 6.120 4.67401
 6.130 4.67345
 6.140 4.67291
 6.150 4.67243
