 0.000 0.57718
 0.010 0.57559
 0.020 0.57397
 0.030 0.57234
 0.040 0.57070
 0.050 0.56907
 0.060 0.56747
 0.070 0.56591
 0.080 0.56440
 0.090 0.56295
 0.100 0.56158
 0.110 0.56030
 0.120 0.55911
 0.130 0.55803
 0.140 0.55708
 0.150 0.55625
 0.160 0.55558
 0.170 0.55509
 0.180 0.55480
 0.190 0.55476
 0.200 0.55500
 0.210 0.55558
 0.220 0.55656
 0.230 0.55801
 0.240 0.56000
 0.250 0.56263
 0.260 0.56597
 0.270 0.57012
 0.280 0.57516
 0.290 0.58119
 0.300 0.58828
 0.310 0.59647
 0.320 0.60580
 0.330 0.61630
 0.340 0.62796
 0.350 0.64076
 0.360 0.65466
 0.370 0.66959
 0.380 0.68548
 0.390 0.70223
 0.400 0.71972
 0.410 0.73783
 0.420 0.75641
 0.430 0.77530
 0.440 0.79432
 0.450 0.81328
 0.460 0.83197
 0.470 0.85016
 0.480 0.86760
 0.490 0.88406
 0.500 0.89926
 0.510 0.91296
 0.520 0.92490
 0.530 0.93484
 0.540 0.94257
 0.550 0.94789
 0.560 0.95063
 0.570 0.95065
 0.580 0.94785
 0.590 0.94217
 0.600 0.93361
 0.610 0.92223
 0.620 0.90816
 0.630 0.89157
 0.640 0.87268
 0.650 0.85173
 0.660 0.82900
 0.670 0.80478
 0.680 0.77936
 0.690 0.75304
 0.700 0.72613
 0.710 0.69891
 0.720 0.67167
 0.730 0.64470
 0.740 0.61822
 0.750 0.59245
 0.760 0.56754
 0.770 0.54359
 0.780 0.52068
 0.790 0.49884
 0.800 0.47809
 0.810 0.45843
 0.820 0.43987
 0.830 0.42239
 0.840 0.40603
 0.850 0.39080
 0.860 0.37671
 0.870 0.36381
 0.880 0.35210
 0.890 0.34159
 0.900 0.33226
 0.910 0.32407
 0.920 0.31694
 0.930 0.31079
 0.940 0.30547
 0.950 0.30085
 0.960 0.29675
 0.970 0.29303
 0.980 0.28953
 0.990 0.28613
 1.000 0.28276
 1.010 0.27936
 1.020 0.27593
 1.030 0.27250
 1.040 0.26915
 1.050 0.26596
 1.060 0.26304
 1.070 0.26050
 1.080 0.25848
 1.090 0.25707
 1.100 0.25634
 1.110 0.25633
 1.120 0.25702
 1.130 0.25835
 1.140 0.26018
 1.150 0.26238
 1.160 0.26476
 1.170 0.26715
 1.180 0.26938
 1.190 0.27135
 1.200 0.27299
 1.210 0.27427
 1.220 0.27520
 1.230 0.27582
 1.240 0.27618
 1.250 0.27633
 1.260 0.27635
 1.270 0.27627
 1.280 0.27614
 1.290 0.27603
 1.300 0.27596
 1.310 0.27597
 1.320 0.27605
 1.330 0.27617
 1.340 0.27628
 1.350 0.27631
 1.360 0.27616
 1.370 0.27576
 1.380 0.27504
 1.390 0.27396
 1.400 0.27250
 1.410 0.27068
 1.420 0.26855
 1.430 0.26614
 1.440 0.26349
 1.450 0.26065
 1.460 0.25765
 1.470 0.25452
 1.480 0.25130
 1.490 0.24805
 1.500 0.24481
 1.510 0.24168
 1.520 0.23874
 1.530 0.23607
 1.540 0.23376
 1.550 0.23192
 1.560 0.23064
 1.570 0.22999
 1.580 0.23006
 1.590 0.23091
 1.600 0.23258
 1.610 0.23506
 1.620 0.23837
 1.630 0.24246
 1.640 0.24729
 1.650 0.25281
 1.660 0.25896
 1.670 0.26567
 1.680 0.27289
 1.690 0.28059
 1.700 0.28876
 1.710 0.29739
 1.720 0.30651
 1.730 0.31616
 1.740 0.32634
 1.750 0.33707
 1.760 0.34833
 1.770 0.36008
 1.780 0.37226
 1.790 0.38481
 1.800 0.39764
 1.810 0.41068
 1.820 0.42385
 1.830 0.43708
 1.840 0.45031
 1.850 0.46349
 1.860 0.47656
 1.870 0.48948
 1.880 0.50223
 1.890 0.51478
 1.900 0.52711
 1.910 0.53923
 1.920 0.55113
 1.930 0.56281
 1.940 0.57430
 1.950 0.58558
 1.960 0.59669
 1.970 0.60763
 1.980 0.61842
 1.990 0.62906
 2.000 0.63957
 2.010 0.64995
 2.020 0.66021
 2.030 0.67034
 2.040 0.68031
 2.050 0.69012
 2.060 0.69971
 2.070 0.70904
 2.080 0.71808
 2.090 0.72675
 2.100 0.73501
 2.110 0.74282
 2.120 0.75014
 2.130 0.75694
 2.140 0.76319
 2.150 0.76890
 2.160 0.77407
 2.170 0.77871
 2.180 0.78283
 2.190 0.78645
 2.200 0.78959
 2.210 0.79226
 2.220 0.79448
 2.230 0.79624
 2.240 0.79755
 2.250 0.79839
 2.260 0.79875
 2.270 0.79861
 2.280 0.79795
 2.290 0.79675
 2.300 0.79500
 2.310 0.79270
 2.320 0.78986
 2.330 0.78651
 2.340 0.78271
 2.350 0.77853
 2.360 0.77403
 2.370 0.76931
 2.380 0.76445
 2.390 0.75955
 2.400 0.75469
 2.410 0.74995
 2.420 0.74542
 2.430 0.74116
 2.440 0.73724
 2.450 0.73370
 2.460 0.73057
 2.470 0.72785
 2.480 0.72553
 2.490 0.72359
 2.500 0.72199
 2.510 0.72067
 2.520 0.71957
 2.530 0.71863
 2.540 0.71780
 2.550 0.71702
 2.560 0.71624
 2.570 0.71542
 2.580 0.71454
 2.590 0.71356
 2.600 0.71247
 2.610 0.71126
 2.620 0.70994
 2.630 0.70852
 2.640 0.70702
 2.650 0.70547
 2.660 0.70389
 2.670 0.70231
 2.680 0.70075
 2.690 0.69923
 2.700 0.69774
 2.710 0.69628
 2.720 0.69483
 2.730 0.69338
 2.740 0.69188
 2.750 0.69032
 2.760 0.68868
 2.770 0.68695
 2.780 0.68511
 2.790 0.68318
 2.800 0.68116
 2.810 0.67907
 2.820 0.67694
 2.830 0.67477
 2.840 0.67261
 2.850 0.67047
 2.860 0.66839
 2.870 0.66638
 2.880 0.66446
 2.890 0.66265
 2.900 0.66096
 2.910 0.65941
 2.920 0.65800
 2.930 0.65673
 2.940 0.65561
 2.950 0.65463
 2.960 0.65380
 2.970 0.65313
 2.980 0.65261
 2.990 0.65227
 3.000 0.65211
 3.010 0.65216
 3.020 0.65243
 3.030 0.65295
 3.040 0.65374
 3.050 0.65482
 3.060 0.65621
 3.070 0.65791
 3.080 0.65991
 3.090 0.66221
 3.100 0.66476
 3.110 0.66753
 3.120 0.67044
 3.130 0.67345
 3.140 0.67649
 3.150 0.67949
 3.160 0.68240
 3.170 0.68520
 3.180 0.68787
 3.190 0.69043
 3.200 0.69291
 3.210 0.69535
 3.220 0.69782
 3.230 0.70036
 3.240 0.70302
 3.250 0.70582
 3.260 0.70875
 3.270 0.71181
 3.280 0.71495
 3.290 0.71815
 3.300 0.72136
 3.310 0.72453
 3.320 0.72760
 3.330 0.73050
 3.340 0.73317
 3.350 0.73555
 3.360 0.73757
 3.370 0.73916
 3.380 0.74028
 3.390 0.74089
 3.400 0.74094
 3.410 0.74040
 3.420 0.73924
 3.430 0.73744
 3.440 0.73498
 3.450 0.73185
 3.460 0.72806
 3.470 0.72362
 3.480 0.71856
 3.490 0.71291
 3.500 0.70673
 3.510 0.70006
 3.520 0.69296
 3.530 0.68549
 3.540 0.67772
 3.550 0.66972
 3.560 0.66158
 3.570 0.65336
 3.580 0.64515
 3.590 0.63701
 3.600 0.62903
 3.610 0.62128
 3.620 0.61382
 3.630 0.60675
 3.640 0.60013
 3.650 0.59404
 3.660 0.58853
 3.670 0.58366
 3.680 0.57951
 3.690 0.57611
 3.700 0.57353
 3.710 0.57179
 3.720 0.57094
 3.730 0.57098
 3.740 0.57193
 3.750 0.57379
 3.760 0.57657
 3.770 0.58027
 3.780 0.58490
 3.790 0.59047
 3.800 0.59700
 3.810 0.60449
 3.820 0.61294
 3.830 0.62233
 3.840 0.63260
 3.850 0.64367
 3.860 0.65542
 3.870 0.66766
 3.880 0.68021
 3.890 0.69285
 3.900 0.70535
 3.910 0.71748
 3.920 0.72901
 3.930 0.73973
 3.940 0.74944
 3.950 0.75794
 3.960 0.76505
 3.970 0.77062
 3.980 0.77453
 3.990 0.77668
 4.000 0.77703
 4.010 0.77553
 4.020 0.77221
 4.030 0.76709
 4.040 0.76023
 4.050 0.75171
 4.060 0.74163
 4.070 0.73008
 4.080 0.71719
 4.090 0.70305
 4.100 0.68778
 4.110 0.67149
 4.120 0.65430
 4.130 0.63631
 4.140 0.61769
 4.150 0.59860
 4.160 0.57923
 4.170 0.55981
 4.180 0.54057
 4.190 0.52177
 4.200 0.50363
 4.210 0.48639
 4.220 0.47021
 4.230 0.45524
 4.240 0.44153
 4.250 0.42911
 4.260 0.41792
 4.270 0.40789
 4.280 0.39887
 4.290 0.39072
 4.300 0.38329
 4.310 0.37642
 4.320 0.36999
 4.330 0.36390
 4.340 0.35807
 4.350 0.35247
 4.360 0.34710
 4.370 0.34197
 4.380 0.33711
 4.390 0.33255
 4.400 0.32834
 4.410 0.32449
 4.420 0.32102
 4.430 0.31793
 4.440 0.31525
 4.450 0.31300
 4.460 0.31121
 4.470 0.30990
 4.480 0.30909
 4.490 0.30877
 4.500 0.30892
 4.510 0.30948
 4.520 0.31040
 4.530 0.31159
 4.540 0.31297
 4.550 0.31447
 4.560 0.31600
 4.570 0.31746
 4.580 0.31877
 4.590 0.31988
 4.600 0.32072
 4.610 0.32123
 4.620 0.32134
 4.630 0.32100
 4.640 0.32018
 4.650 0.31884
 4.660 0.31701
 4.670 0.31471
 4.680 0.31200
 4.690 0.30896
 4.700 0.30568
 4.710 0.30227
 4.720 0.29882
 4.730 0.29547
 4.740 0.29230
 4.750 0.28942
 4.760 0.28692
 4.770 0.28488
 4.780 0.28335
 4.790 0.28236
 4.800 0.28194
 4.810 0.28205
 4.820 0.28269
 4.830 0.28378
 4.840 0.28528
 4.850 0.28712
 4.860 0.28924
 4.870 0.29159
 4.880 0.29412
 4.890 0.29680
 4.900 0.29961
 4.910 0.30253
 4.920 0.30559
 4.930 0.30880
 4.940 0.31220
 4.950 0.31585
 4.960 0.31978
 4.970 0.32408
 4.980 0.32881
 4.990 0.33403
 5.000 0.33979
 5.010 0.34613
 5.020 0.35304
 5.030 0.36051
 5.040 0.36849
 5.050 0.37691
 5.060 0.38569
 5.070 0.39474
 5.080 0.40399
 5.090 0.41334
 5.100 0.42273
 5.110 0.43209
 5.120 0.44136
 5.130 0.45051
 5.140 0.45953
 5.150 0.46841
 5.160 0.47717
 5.170 0.48584
 5.180 0.49447
 5.190 0.50311
 5.200 0.51183
 5.210 0.52073
 5.220 0.52988
 5.230 0.53939
 5.240 0.54935
 5.250 0.55987
 5.260 0.57103
 5.270 0.58290
 5.280 0.59554
 5.290 0.60897
 5.300 0.62322
 5.310 0.63826
 5.320 0.65407
 5.330 0.67058
 5.340 0.68771
 5.350 0.70534
 5.360 0.72333
 5.370 0.74152
 5.380 0.75973
 5.390 0.77776
 5.400 0.79545
 5.410 0.81259
 5.420 0.82901
 5.430 0.84455
 5.440 0.85904
 5.450 0.87235
 5.460 0.88432
 5.470 0.89485
 5.480 0.90382
 5.490 0.91115
 5.500 0.91679
 5.510 0.92070
 5.520 0.92289
 5.530 0.92337
 5.540 0.92222
 5.550 0.91952
 5.560 0.91536
 5.570 0.90990
 5.580 0.90327
 5.590 0.89567
 5.600 0.88728
 5.610 0.87829
 5.620 0.86889
 5.630 0.85925
 5.640 0.84956
 5.650 0.83994
 5.660 0.83054
 5.670 0.82147
 5.680 0.81281
 5.690 0.80462
 5.700 0.79697
 5.710 0.78986
 5.720 0.78332
 5.730 0.77733
 5.740 0.77185
 5.750 0.76683
 5.760 0.76220
 5.770 0.75789
 5.780 0.75380
 5.790 0.74983
 5.800 0.74591
 5.810 0.74193
 5.820 0.73785
 5.830 0.73361
 5.840 0.72917
 5.850 0.72452
 5.860 0.71967
 5.870 0.71464
 5.880 0.70945
 5.890 0.70415
 5.900 0.69881
 5.910 0.69348
 5.920 0.68824
 5.930 0.68316
 5.940 0.67833
 5.950 0.67383
 5.960 0.66973
 5.970 0.66610
 5.980 0.66300
 5.990 0.66047
 6.000 0.65856
 6.010 0.65727
 6.020 0.65660
 6.030 0.65651
 6.040 0.65694
 6.050 0.65781
 6.060 0.65902
 6.070 0.66046
 6.080 0.66201
 6.090 0.66356
 6.100 0.66499
 6.110 0.66622
 6.120 0.66721
 6.130 0.66793
 6.140 0.66840
 6.150 0.66867
