 0.000 -1.47875
 0.010 -1.46393
 0.020 -1.44665
 0.030 -1.42673
 0.040 -1.40413
 0.050 -1.37891
 0.060 -1.35135
 0.070 -1.32193
 0.080 -1.29136
 0.090 -1.26057
 0.100 -1.23067
 0.110 -1.20283
 0.120 -1.17817
 0.130 -1.15765
 0.140 -1.14191
 0.150 -1.13124
 0.160 -1.12559
 0.170 -1.12461
 0.180 -1.12782
 0.190 -1.13464
 0.200 -1.14452
 0.210 -1.15697
 0.220 -1.17159
 0.230 -1.18805
 0.240 -1.20604
 0.250 -1.22528
 0.260 -1.24550
 0.270 -1.26646
 0.280 -1.28788
 0.290 -1.30952
 0.300 -1.33109
 0.310 -1.35225
 0.320 -1.37264
 0.330 -1.39183
 0.340 -1.40932
 0.350 -1.42463
 0.360 -1.43728
 0.370 -1.44689
 0.380 -1.45318
 0.390 -1.45609
 0.400 -1.45570
 0.410 -1.45229
 0.420 -1.44621
 0.430 -1.43797
 0.440 -1.42810
 0.450 -1.41724
 0.460 -1.40607
 0.470 -1.39523
 0.480 -1.38525
 0.490 -1.37653
 0.500 -1.36925
 0.510 -1.36345
 0.520 -1.35902
 0.530 -1.35578
 0.540 -1.35350
 0.550 -1.35202
 0.560 -1.35134
 0.570 -1.35157
 0.580 -1.35292
 0.590 -1.35555
 0.600 -1.35954
 0.610 -1.36488
 0.620 -1.37150
 0.630 -1.37923
 0.640 -1.38792
 0.650 -1.39737
 0.660 -1.40738
 0.670 -1.41774
 0.680 -1.42828
 0.690 -1.43882
 0.700 -1.44921
 0.710 -1.45936
 0.720 -1.46916
 0.730 -1.47852
 0.740 -1.48738
 0.750 -1.49566
 0.760 -1.50332
 0.770 -1.51031
 0.780 -1.51661
 0.790 -1.52220
 0.800 -1.52704
 0.810 -1.53115
 0.820 -1.53450
 0.830 -1.53711
 0.840 -1.53896
 0.850 -1.54008
 0.860 -1.54049
 0.870 -1.54025
 0.880 -1.53942
 0.890 -1.53810
 0.900 -1.53637
 0.910 -1.53434
 0.920 -1.53207
 0.930 -1.52956
 0.940 -1.52682
 0.950 -1.52377
 0.960 -1.52032
 0.970 -1.51631
 0.980 -1.51156
 0.990 -1.50581
 1.000 -1.49876
 1.010 -1.49008
 1.020 -1.47939
 1.030 -1.46636
 1.040 -1.45072
 1.050 -1.43226
 1.060 -1.41089
