14.0000 13.0000 0.0000 0.0000 0.0000 0.0000 0.0000 0.0000 16.0000 0.0000 0.0000 0.0000 3.0000
0.3886 0.4003 4.5270 10.4550 -11.3542 0.1119 4.4550 0.0860
0.4055 1.1329 5.1472 10.4477 -11.3739 -0.0871 0.8800 0.0083
0.5662 0.9537 6.0612 10.4821 -11.1438 1.8846 1.5400 0.0070
0.2860 1.1188 4.4128 10.4004 -11.3341 -0.1398 0.8800 0.0082
0.2569 0.8466 4.8595 10.3434 -11.3396 -0.5215 1.5400 0.0066
0.2723 1.0925 4.7555 10.7101 -11.3499 0.5137 27.3350 0.0000
0.3111 0.5785 4.4271 10.8152 -11.3208 -0.4321 5.5000 0.0903
0.1674 0.2166 4.2158 10.2313 -11.0313 -2.4459 2.5575 0.0355
0.1046 -0.0138 5.6945 9.7197 -11.0625 -4.4715 0.7975 0.0018
0.1849 -0.0428 0.0390 9.5757 -11.2960 -0.2454 0.3300 0.0000
0.4390 0.5894 5.1619 10.7184 -11.4278 -0.8318 5.5000 0.0916
0.5725 0.2102 4.9153 10.2424 -11.5680 -2.0567 2.5575 0.0349
0.6688 -0.0093 6.2438 9.7986 -11.7964 -2.6633 0.7975 0.0018
0.7521 0.0065 0.5108 9.8587 -12.0283 -2.9085 0.3300 0.0000
1.0000 6.0000 0.2806 0.0000 -0.2556 0.0000
1.0000 2.0000 0.2806 0.0000 -0.1401 0.0000
2.0000 3.0000 0.1812 0.0000 -0.0899 0.0000
1.0000 4.0000 0.2806 0.0000 -0.1385 0.0000
4.0000 5.0000 0.1792 0.0000 -0.0872 0.0000
6.0000 7.0000 0.2556 0.0000 -0.1718 0.0000
7.0000 8.0000 0.2250 0.0000 -0.1689 0.0000
8.0000 9.0000 0.2211 0.0000 -0.0498 0.0000
9.0000 10.0000 0.0498 0.0000 -0.0414 0.0000
6.0000 11.0000 0.2556 0.0000 -0.1730 0.0000
11.0000 12.0000 0.2265 0.0000 -0.1675 0.0000
12.0000 13.0000 0.2194 0.0000 -0.0501 0.0000
13.0000 14.0000 0.0501 0.0000 -0.0438 0.0000
  4.00   1.00   0.00   6.00   0.00   0.00   0.00   0.00   4.00   1.00
  4.00   2.00   0.00   6.00   0.00   0.00   0.00   0.00   4.00   2.00
  4.00   3.00   0.00   2.00   0.00   0.00   0.00   0.00   4.00   3.00
  4.00   4.00   0.00   6.00   0.00   0.00   0.00   0.00   4.00   4.00
  4.00   5.00   0.00   4.00   0.00   0.00   0.00   0.00   4.00   5.00
  3.00   6.00   1.00   0.00   0.00   0.00   0.00   0.00   4.00   6.00
  3.00   6.00   2.00   0.00   0.00   0.00   0.00   0.00   4.00   7.00
  3.00   6.00   3.00   0.00   0.00   0.00   0.00   0.00   4.00   8.00
  4.00   7.00   0.00   6.00   0.00   0.00   0.00   0.00   4.00   9.00
  4.00   8.00   0.00   7.00   0.00   0.00   0.00   0.00   4.00  10.00
  4.00   9.00   0.00   8.00   0.00   0.00   0.00   0.00   4.00  11.00
  4.00  10.00   0.00   9.00   0.00   0.00   0.00   0.00   4.00  12.00
  4.00  11.00   0.00   6.00   0.00   0.00   0.00   0.00   4.00  13.00
  4.00  12.00   0.00  11.00   0.00   0.00   0.00   0.00   4.00  14.00
  4.00  13.00   0.00  12.00   0.00   0.00   0.00   0.00   4.00  15.00
  4.00  14.00   0.00  13.00   0.00   0.00   0.00   0.00   4.00  16.00
 13.00   4.00   1.00
  9.00   4.00   2.00
 13.00   4.00   3.00
  0.00 -9.8100
  8.00   1.00   5.00   5.00
  0.00   0.01   1.07   0.01
