 0.000 19.175747 548.251972 0.000000 -0.204744 0.000000
 0.010 25.324749 562.381777 0.000000 -0.204030 0.000000
 0.020 31.694739 576.029114 0.000000 -0.203317 0.000000
 0.030 38.409823 588.608939 0.000000 -0.202589 0.000000
 0.040 45.484104 599.452521 0.000000 -0.201826 0.000000
 0.050 52.805054 607.855787 0.000000 -0.201012 0.000000
 0.060 60.178962 613.064981 0.000000 -0.200130 0.000000
 0.070 67.412505 614.276891 0.000000 -0.199175 0.000000
 0.080 74.362051 610.768775 0.000000 -0.198149 0.000000
 0.090 80.915431 602.069407 0.000000 -0.197060 0.000000
 0.100 86.935898 587.942837 0.000000 -0.195921 0.000000
 0.110 92.216514 568.147026 0.000000 -0.194741 0.000000
 0.120 96.466766 542.248514 0.000000 -0.193519 0.000000
 0.130 99.331435 509.757637 0.000000 -0.192236 0.000000
 0.140 100.411662 470.420786 0.000000 -0.190858 0.000000
 0.150 99.199352 424.243938 0.000000 -0.189342 0.000000
 0.160 94.883685 371.253262 0.000000 -0.187645 0.000000
 0.170 86.284658 311.673477 0.000000 -0.185752 0.000000
 0.180 72.416091 247.014938 0.000000 -0.183683 0.000000
 0.190 53.738841 181.312058 0.000000 -0.181511 0.000000
 0.200 33.097094 120.893999 0.000000 -0.179346 0.000000
 0.210 14.965314 72.051406 0.000000 -0.177325 0.000000
 0.220 3.024401 38.073974 0.000000 -0.175574 0.000000
 0.230 -1.997021 17.987144 0.000000 -0.174187 0.000000
 0.240 -2.282025 7.840477 0.000000 -0.173203 0.000000
 0.250 -0.915464 3.234436 0.000000 -0.172602 0.000000
 0.260 0.098423 1.132379 0.000000 -0.172323 0.000000
 0.270 0.322562 0.131062 0.000000 -0.172276 0.000000
 0.280 0.153765 -0.243133 0.000000 -0.172368 0.000000
 0.290 -0.006733 -0.233879 0.000000 -0.172520 0.000000
 0.300 -0.045462 -0.088399 0.000000 -0.172674 0.000000
 0.310 -0.021090 0.016156 0.000000 -0.172799 0.000000
 0.320 0.001637 0.037250 0.000000 -0.172882 0.000000
 0.330 0.006241 0.016693 0.000000 -0.172926 0.000000
 0.340 0.002501 -0.001664 0.000000 -0.172940 0.000000
 0.350 -0.000421 -0.005593 0.000000 -0.172936 0.000000
 0.360 -0.000811 -0.002374 0.000000 -0.172924 0.000000
 0.370 -0.000258 0.000341 0.000000 -0.172910 0.000000
 0.380 0.000083 0.000790 0.000000 -0.172899 0.000000
 0.390 0.000098 0.000281 0.000000 -0.172891 0.000000
 0.400 0.000022 -0.000073 0.000000 -0.172887 0.000000
 0.410 -0.000014 -0.000103 0.000000 -0.172886 0.000000
 0.420 -0.000011 -0.000028 0.000000 -0.172886 0.000000
 0.430 -0.000001 0.000013 0.000000 -0.172887 0.000000
 0.440 0.000002 0.000012 0.000000 -0.172889 0.000000
 0.450 0.000001 0.000002 0.000000 -0.172889 0.000000
 0.460 0.000000 -0.000002 0.000000 -0.172890 0.000000
 0.470 -0.000000 -0.000001 0.000000 -0.172890 0.000000
 0.480 -0.000000 -0.000000 0.000000 -0.172890 0.000000
 0.490 0.000000 0.000000 0.000000 -0.172890 0.000000
 0.500 0.000000 0.000000 0.000000 -0.172890 0.000000
 0.510 0.000000 -0.000000 0.000000 -0.172890 0.000000
 0.520 -0.000000 -0.000000 0.000000 -0.172890 0.000000
 0.530 -0.000000 -0.000000 0.000000 -0.172890 0.000000
 0.540 -0.000000 0.000000 0.000000 -0.172890 0.000000
 0.550 0.000000 0.000000 0.000000 -0.172890 0.000000
 0.560 0.000000 0.000000 0.000000 -0.172890 0.000000
 0.570 0.000000 -0.000000 0.000000 -0.172890 0.000000
 0.580 -0.000000 -0.000000 0.000000 -0.172890 0.000000
 0.590 -0.000000 -0.000000 0.000000 -0.172890 0.000000
 0.600 0.000000 0.000000 0.000000 -0.172890 0.000000
 0.610 0.000000 0.000000 0.000000 -0.172890 0.000000
 0.620 0.000000 0.000000 0.000000 -0.172890 0.000000
 0.630 -0.000000 -0.000000 0.000000 -0.172890 0.000000
 0.640 -0.000000 -0.000000 0.000000 -0.172890 0.000000
 0.650 -0.000000 0.000000 0.000000 -0.172890 0.000000
 0.660 0.000000 0.000000 0.000000 -0.172890 0.000000
 0.670 0.000000 0.000000 0.000000 -0.172890 0.000000
 0.680 0.000000 -0.000000 0.000000 -0.172890 0.000000
 0.690 -0.000000 -0.000000 0.000000 -0.172890 0.000000
 0.700 -0.000000 -0.000000 0.000000 -0.172890 0.000000
 0.710 -0.000000 0.000000 0.000000 -0.172890 0.000000
 0.720 0.000000 0.000000 0.000000 -0.172890 0.000000
 0.730 0.000000 0.000000 0.000000 -0.172890 0.000000
 0.740 -0.000000 -0.000000 0.000000 -0.172890 0.000000
 0.750 -0.000000 -0.000000 0.000000 -0.172890 0.000000
 0.760 -0.000000 0.000000 0.000000 -0.172890 0.000000
 0.770 0.000000 0.000000 0.000000 -0.172890 0.000000
 0.780 0.000000 0.000000 0.000000 -0.172890 0.000000
 0.790 0.000000 -0.000000 0.000000 -0.172890 0.000000
 0.800 -0.000000 -0.000000 0.000000 -0.172890 0.000000
 0.810 -0.000000 -0.000000 0.000000 -0.172890 0.000000
 0.820 -0.000000 0.000000 0.000000 -0.172890 0.000000
 0.830 0.000000 0.000000 0.000000 -0.172890 0.000000
 0.840 0.000000 0.000000 0.000000 -0.172890 0.000000
 0.850 -0.000000 -0.000000 0.000000 -0.172890 0.000000
 0.860 -0.000000 -0.000000 0.000000 -0.172890 0.000000
 0.870 -0.000000 0.000000 0.000000 -0.172890 0.000000
 0.880 0.000000 0.000000 0.000000 -0.172890 0.000000
 0.890 0.000000 0.000000 0.000000 -0.172890 0.000000
 0.900 0.000000 -0.000000 0.000000 -0.172890 0.000000
 0.910 -0.000000 -0.000000 0.000000 -0.172890 0.000000
 0.920 -0.000000 -0.000000 0.000000 -0.172890 0.000000
 0.930 -0.000000 0.000000 0.000000 -0.172890 0.000000
 0.940 0.000000 0.000000 0.000000 -0.172890 0.000000
 0.950 0.000000 0.000000 0.000000 -0.172890 0.000000
 0.960 -0.000000 -0.000000 0.000000 -0.172890 0.000000
 0.970 -0.000000 -0.000000 0.000000 -0.172890 0.000000
 0.980 -0.000000 0.000000 0.000000 -0.172890 0.000000
 0.990 0.000000 0.000000 0.000000 -0.172890 0.000000
 1.000 0.000000 0.000000 0.000000 -0.172890 0.000000
 1.010 0.000000 -0.000000 0.000000 -0.172890 0.000000
 1.020 -0.000000 -0.000000 0.000000 -0.172890 0.000000
 1.030 -0.000000 -0.000000 0.000000 -0.172890 0.000000
 1.040 -0.000000 0.000000 0.000000 -0.172890 0.000000
 1.050 0.000000 0.000000 0.000000 -0.172890 0.000000
 1.060 0.000000 0.000000 0.000000 -0.172890 0.000000
 1.070 -0.000000 -0.000000 0.000000 -0.172890 0.000000
 1.080 -0.000000 -0.000000 0.000000 -0.172890 0.000000
 1.090 -0.000000 -0.000000 0.000000 -0.172890 0.000000
 1.100 0.000000 0.000000 0.000000 -0.172890 0.000000
 1.110 0.000000 0.000000 0.000000 -0.172890 0.000000
 1.120 0.000000 -0.000000 0.000000 -0.172890 0.000000
 1.130 -0.000000 -0.000000 0.000000 -0.172890 0.000000
 1.140 -0.000000 -0.000000 0.000000 -0.172890 0.000000
 1.150 -0.000000 0.000000 0.000000 -0.172890 0.000000
 1.160 0.000000 0.000000 0.000000 -0.172890 0.000000
 1.170 0.000000 0.000000 0.000000 -0.172890 0.000000
 1.180 -0.000000 -0.000000 0.000000 -0.172890 0.000000
 1.190 -0.000000 -0.000000 0.000000 -0.172890 0.000000
 1.200 -0.000000 -0.000000 0.000000 -0.172890 0.000000
 1.210 0.000000 0.000000 0.000000 -0.172890 0.000000
 1.220 0.000000 0.000000 0.000000 -0.172890 0.000000
 1.230 0.000000 -0.000000 0.000000 -0.172890 0.000000
 1.240 -0.000000 -0.000000 0.000000 -0.172890 0.000000
 1.250 -0.000000 -0.000000 0.000000 -0.172890 0.000000
 1.260 -0.000000 0.000000 0.000000 -0.172890 0.000000
