 0.000 0.000000 235.422423 0.000000 0.190840 0.000000
 0.010 -0.000000 234.891956 0.000000 0.190840 0.000000
 0.020 -0.000000 234.413488 0.000000 0.190840 0.000000
 0.030 -0.000000 234.069172 0.000000 0.190840 0.000000
 0.040 0.000000 233.950335 0.000000 0.190840 0.000000
 0.050 0.000000 234.085730 0.000000 0.190840 0.000000
 0.060 0.000000 234.383768 0.000000 0.190840 0.000000
 0.070 -0.000000 234.651235 0.000000 0.190840 0.000000
 0.080 -0.000000 234.688170 0.000000 0.190840 0.000000
 0.090 -0.000000 234.387835 0.000000 0.190840 0.000000
 0.100 0.000000 233.767355 0.000000 0.190840 0.000000
 0.110 0.000000 232.928419 0.000000 0.190840 0.000000
 0.120 -0.000000 232.006070 0.000000 0.190840 0.000000
 0.130 -0.000000 231.136145 0.000000 0.190840 0.000000
 0.140 -0.000000 230.420609 0.000000 0.190840 0.000000
 0.150 0.000000 229.883859 0.000000 0.190840 0.000000
 0.160 0.000000 229.457577 0.000000 0.190840 0.000000
 0.170 0.000000 229.019623 0.000000 0.190840 0.000000
 0.180 -0.000000 228.457708 0.000000 0.190840 0.000000
 0.190 -0.000000 227.710303 0.000000 0.190840 0.000000
 0.200 -0.000000 226.768087 0.000000 0.190840 0.000000
 0.210 0.000000 225.648677 0.000000 0.190840 0.000000
 0.220 0.000000 224.364007 0.000000 0.190840 0.000000
 0.230 0.000000 222.901198 0.000000 0.190840 0.000000
 0.240 -0.000000 221.237317 0.000000 0.190840 0.000000
 0.250 -0.000000 219.384016 0.000000 0.190840 0.000000
 0.260 0.000000 217.412619 0.000000 0.190840 0.000000
 0.270 0.000000 215.403627 0.000000 0.190840 0.000000
 0.280 0.000000 213.341039 0.000000 0.190840 0.000000
 0.290 -0.000000 211.059101 0.000000 0.190840 0.000000
 0.300 -0.000000 208.320803 0.000000 0.190840 0.000000
 0.310 -0.000000 204.970972 0.000000 0.190840 0.000000
 0.320 0.000000 201.020840 0.000000 0.190840 0.000000
 0.330 0.000000 196.585288 0.000000 0.190840 0.000000
 0.340 0.000000 191.728365 0.000000 0.190840 0.000000
 0.350 -0.000000 186.344336 0.000000 0.190840 0.000000
 0.360 -0.000000 180.173267 0.000000 0.190840 0.000000
 0.370 0.000000 172.958604 0.000000 0.190840 0.000000
 0.380 0.000000 164.646792 0.000000 0.190840 0.000000
 0.390 0.000000 155.475853 0.000000 0.190840 0.000000
 0.400 -0.000000 145.873527 0.000000 0.190840 0.000000
 0.410 -0.000000 136.249972 0.000000 0.190840 0.000000
 0.420 -0.000000 126.861861 0.000000 0.190840 0.000000
 0.430 0.000000 117.835562 0.000000 0.190840 0.000000
 0.440 0.000000 109.268905 0.000000 0.190840 0.000000
 0.450 0.000000 101.277490 0.000000 0.190840 0.000000
 0.460 -0.000000 93.953186 0.000000 0.190840 0.000000
 0.470 -0.000000 87.315971 0.000000 0.190840 0.000000
 0.480 0.000000 81.334631 0.000000 0.190840 0.000000
 0.490 0.000000 75.994283 0.000000 0.190840 0.000000
 0.500 0.000000 71.326557 0.000000 0.190840 0.000000
 0.510 -0.000000 67.363825 0.000000 0.190840 0.000000
 0.520 -0.000000 64.071068 0.000000 0.190840 0.000000
 0.530 -0.000000 61.340401 0.000000 0.190840 0.000000
 0.540 0.000000 59.077578 0.000000 0.190840 0.000000
 0.550 0.000000 57.321149 0.000000 0.190840 0.000000
 0.560 0.000000 56.281589 0.000000 0.190840 0.000000
 0.570 -0.000000 56.240363 0.000000 0.190840 0.000000
 0.580 -0.000000 57.426849 0.000000 0.190840 0.000000
 0.590 0.000000 60.144391 0.000000 0.190840 0.000000
 0.600 0.000000 65.283220 0.000000 0.190840 0.000000
 0.610 0.000000 74.883849 0.000000 0.190840 0.000000
 0.620 -0.000000 92.001860 0.000000 0.190840 0.000000
 0.630 -0.000000 119.390020 0.000000 0.190840 0.000000
 0.640 -0.000000 157.558783 0.000000 0.190840 0.000000
 0.650 0.000000 203.716097 0.000000 0.190840 0.000000
 0.660 0.000000 252.758197 0.000000 0.190840 0.000000
 0.670 0.000000 299.892795 0.000000 0.190840 0.000000
 0.680 -0.000000 343.071668 0.000000 0.190840 0.000000
 0.690 -0.000000 383.515760 0.000000 0.190840 0.000000
 0.700 0.000000 424.063106 0.000000 0.190840 0.000000
 0.710 0.000000 466.620560 0.000000 0.190840 0.000000
 0.720 0.000000 510.532675 0.000000 0.190840 0.000000
 0.730 -0.000000 552.844800 0.000000 0.190840 0.000000
 0.740 -0.000000 589.907891 0.000000 0.190840 0.000000
 0.750 -0.000000 618.918483 0.000000 0.190840 0.000000
 0.760 0.000000 638.535555 0.000000 0.190840 0.000000
 0.770 0.000000 648.814415 0.000000 0.190840 0.000000
 0.780 0.000000 651.015105 0.000000 0.190840 0.000000
 0.790 -0.000000 647.334774 0.000000 0.190840 0.000000
 0.800 -0.000000 640.335870 0.000000 0.190840 0.000000
 0.810 0.000000 632.233445 0.000000 0.190840 0.000000
 0.820 0.000000 624.548626 0.000000 0.190840 0.000000
 0.830 0.000000 618.299985 0.000000 0.190840 0.000000
 0.840 -0.000000 614.293443 0.000000 0.190840 0.000000
 0.850 -0.000000 613.005456 0.000000 0.190840 0.000000
 0.860 -0.000000 614.139860 0.000000 0.190840 0.000000
 0.870 0.000000 616.437739 0.000000 0.190840 0.000000
 0.880 0.000000 618.106595 0.000000 0.190840 0.000000
 0.890 0.000000 617.578701 0.000000 0.190840 0.000000
 0.900 -0.000000 613.988295 0.000000 0.190840 0.000000
 0.910 -0.000000 607.079734 0.000000 0.190840 0.000000
 0.920 0.000000 596.789496 0.000000 0.190840 0.000000
 0.930 0.000000 582.950101 0.000000 0.190840 0.000000
 0.940 0.000000 565.360582 0.000000 0.190840 0.000000
 0.950 -0.000000 544.113736 0.000000 0.190840 0.000000
 0.960 -0.000000 519.849541 0.000000 0.190840 0.000000
 0.970 -0.000000 493.695284 0.000000 0.190840 0.000000
 0.980 0.000000 466.998045 0.000000 0.190840 0.000000
 0.990 0.000000 441.193021 0.000000 0.190840 0.000000
 1.000 0.000000 417.953800 0.000000 0.190840 0.000000
 1.010 -0.000000 399.308925 0.000000 0.190840 0.000000
 1.020 -0.000000 387.260239 0.000000 0.190840 0.000000
 1.030 0.000000 382.906048 0.000000 0.190840 0.000000
 1.040 0.000000 385.705887 0.000000 0.190840 0.000000
 1.050 0.000000 393.554931 0.000000 0.190840 0.000000
 1.060 -0.000000 403.656947 0.000000 0.190840 0.000000
 1.070 -0.000000 413.554618 0.000000 0.190840 0.000000
 1.080 -0.000000 421.739510 0.000000 0.190840 0.000000
 1.090 0.000000 427.769210 0.000000 0.190840 0.000000
 1.100 0.000000 432.120500 0.000000 0.190840 0.000000
 1.110 0.000000 435.923681 0.000000 0.190840 0.000000
 1.120 -0.000000 440.543687 0.000000 0.190840 0.000000
 1.130 -0.000000 446.960838 0.000000 0.190840 0.000000
 1.140 0.000000 455.126312 0.000000 0.190840 0.000000
 1.150 0.000000 463.818759 0.000000 0.190840 0.000000
 1.160 0.000000 471.580760 0.000000 0.190840 0.000000
 1.170 -0.000000 478.525070 0.000000 0.190840 0.000000
 1.180 -0.000000 487.457596 0.000000 0.190840 0.000000
 1.190 -0.000000 502.445523 0.000000 0.190840 0.000000
 1.200 0.000000 524.965951 0.000000 0.190840 0.000000
 1.210 0.000000 550.756109 0.000000 0.190840 0.000000
 1.220 0.000000 570.960330 0.000000 0.190840 0.000000
 1.230 -0.000000 577.624883 0.000000 0.190840 0.000000
 1.240 -0.000000 569.234733 0.000000 0.190840 0.000000
 1.250 0.000000 551.576572 0.000000 0.190840 0.000000
 1.260 0.000000 533.390603 0.000000 0.190840 0.000000
 1.270 0.000000 520.714854 0.000000 0.190840 0.000000
 1.280 -0.000000 514.280153 0.000000 0.190840 0.000000
 1.290 -0.000000 511.045417 0.000000 0.190840 0.000000
 1.300 -0.000000 507.632262 0.000000 0.190840 0.000000
 1.310 0.000000 502.770784 0.000000 0.190840 0.000000
 1.320 0.000000 497.530167 0.000000 0.190840 0.000000
 1.330 0.000000 493.999745 0.000000 0.190840 0.000000
 1.340 -0.000000 493.800749 0.000000 0.190840 0.000000
 1.350 -0.000000 497.396670 0.000000 0.190840 0.000000
 1.360 0.000000 504.373998 0.000000 0.190840 0.000000
 1.370 0.000000 514.229193 0.000000 0.190840 0.000000
 1.380 0.000000 526.912159 0.000000 0.190840 0.000000
 1.390 -0.000000 542.563999 0.000000 0.190840 0.000000
 1.400 -0.000000 560.579865 0.000000 0.190840 0.000000
 1.410 -0.000000 578.881401 0.000000 0.190840 0.000000
 1.420 0.000000 594.294660 0.000000 0.190840 0.000000
 1.430 0.000000 603.985626 0.000000 0.190840 0.000000
 1.440 0.000000 606.907634 0.000000 0.190840 0.000000
 1.450 -0.000000 604.214327 0.000000 0.190840 0.000000
 1.460 -0.000000 598.495550 0.000000 0.190840 0.000000
 1.470 -0.000000 592.483821 0.000000 0.190840 0.000000
 1.480 0.000000 587.955082 0.000000 0.190840 0.000000
 1.490 0.000000 585.226008 0.000000 0.190840 0.000000
 1.500 -0.000000 583.377729 0.000000 0.190840 0.000000
 1.510 -0.000000 581.087260 0.000000 0.190840 0.000000
 1.520 -0.000000 577.615248 0.000000 0.190840 0.000000
 1.530 0.000000 573.336035 0.000000 0.190840 0.000000
 1.540 0.000000 569.484613 0.000000 0.190840 0.000000
 1.550 0.000000 567.338961 0.000000 0.190840 0.000000
 1.560 -0.000000 567.382855 0.000000 0.190840 0.000000
 1.570 -0.000000 568.922450 0.000000 0.190840 0.000000
 1.580 -0.000000 570.349976 0.000000 0.190840 0.000000
 1.590 0.000000 569.956352 0.000000 0.190840 0.000000
 1.600 0.000000 566.950627 0.000000 0.190840 0.000000
 1.610 -0.000000 562.198209 0.000000 0.190840 0.000000
 1.620 -0.000000 558.201025 0.000000 0.190840 0.000000
 1.630 -0.000000 558.068673 0.000000 0.190840 0.000000
 1.640 0.000000 563.775631 0.000000 0.190840 0.000000
 1.650 0.000000 574.724640 0.000000 0.190840 0.000000
 1.660 0.000000 587.812455 0.000000 0.190840 0.000000
 1.670 -0.000000 599.198805 0.000000 0.190840 0.000000
 1.680 -0.000000 606.495955 0.000000 0.190840 0.000000
 1.690 -0.000000 609.701401 0.000000 0.190840 0.000000
 1.700 0.000000 610.387947 0.000000 0.190840 0.000000
 1.710 0.000000 610.153156 0.000000 0.190840 0.000000
 1.720 -0.000000 609.665205 0.000000 0.190840 0.000000
 1.730 -0.000000 608.792285 0.000000 0.190840 0.000000
 1.740 -0.000000 607.299181 0.000000 0.190840 0.000000
 1.750 0.000000 605.299242 0.000000 0.190840 0.000000
 1.760 0.000000 603.137526 0.000000 0.190840 0.000000
 1.770 0.000000 601.048734 0.000000 0.190840 0.000000
 1.780 -0.000000 599.068170 0.000000 0.190840 0.000000
 1.790 -0.000000 597.209797 0.000000 0.190840 0.000000
 1.800 -0.000000 595.551558 0.000000 0.190840 0.000000
 1.810 0.000000 594.102989 0.000000 0.190840 0.000000
 1.820 0.000000 592.758309 0.000000 0.190840 0.000000
 1.830 -0.000000 591.528470 0.000000 0.190840 0.000000
 1.840 -0.000000 590.722152 0.000000 0.190840 0.000000
 1.850 -0.000000 590.668309 0.000000 0.190840 0.000000
 1.860 0.000000 591.183645 0.000000 0.190840 0.000000
 1.870 0.000000 591.430910 0.000000 0.190840 0.000000
 1.880 0.000000 590.396335 0.000000 0.190840 0.000000
 1.890 -0.000000 587.480234 0.000000 0.190840 0.000000
 1.900 -0.000000 582.618635 0.000000 0.190840 0.000000
 1.910 -0.000000 575.965661 0.000000 0.190840 0.000000
 1.920 0.000000 567.635452 0.000000 0.190840 0.000000
 1.930 0.000000 557.814360 0.000000 0.190840 0.000000
 1.940 -0.000000 547.040441 0.000000 0.190840 0.000000
 1.950 -0.000000 536.229162 0.000000 0.190840 0.000000
 1.960 -0.000000 526.301457 0.000000 0.190840 0.000000
 1.970 0.000000 517.704085 0.000000 0.190840 0.000000
 1.980 0.000000 510.245848 0.000000 0.190840 0.000000
 1.990 0.000000 503.389205 0.000000 0.190840 0.000000
 2.000 -0.000000 496.726373 0.000000 0.190840 0.000000
 2.010 -0.000000 490.218481 0.000000 0.190840 0.000000
 2.020 -0.000000 484.019094 0.000000 0.190840 0.000000
 2.030 0.000000 478.108922 0.000000 0.190840 0.000000
 2.040 0.000000 472.137122 0.000000 0.190840 0.000000
 2.050 -0.000000 465.620900 0.000000 0.190840 0.000000
 2.060 -0.000000 458.275597 0.000000 0.190840 0.000000
 2.070 -0.000000 450.163700 0.000000 0.190840 0.000000
 2.080 0.000000 441.607046 0.000000 0.190840 0.000000
 2.090 0.000000 433.022386 0.000000 0.190840 0.000000
 2.100 0.000000 424.778463 0.000000 0.190840 0.000000
 2.110 -0.000000 417.047895 0.000000 0.190840 0.000000
 2.120 -0.000000 409.686608 0.000000 0.190840 0.000000
 2.130 -0.000000 402.272818 0.000000 0.190840 0.000000
 2.140 0.000000 394.328904 0.000000 0.190840 0.000000
 2.150 0.000000 385.550328 0.000000 0.190840 0.000000
 2.160 -0.000000 375.875123 0.000000 0.190840 0.000000
 2.170 -0.000000 365.424850 0.000000 0.190840 0.000000
 2.180 -0.000000 354.442781 0.000000 0.190840 0.000000
 2.190 0.000000 343.263825 0.000000 0.190840 0.000000
 2.200 0.000000 332.270887 0.000000 0.190840 0.000000
 2.210 0.000000 321.824482 0.000000 0.190840 0.000000
 2.220 -0.000000 312.181888 0.000000 0.190840 0.000000
 2.230 -0.000000 303.402580 0.000000 0.190840 0.000000
 2.240 -0.000000 295.271284 0.000000 0.190840 0.000000
 2.250 0.000000 287.346209 0.000000 0.190840 0.000000
 2.260 0.000000 279.181436 0.000000 0.190840 0.000000
 2.270 -0.000000 270.574260 0.000000 0.190840 0.000000
 2.280 -0.000000 261.622535 0.000000 0.190840 0.000000
 2.290 -0.000000 252.580163 0.000000 0.190840 0.000000
 2.300 0.000000 243.705272 0.000000 0.190840 0.000000
 2.310 0.000000 235.228096 0.000000 0.190840 0.000000
 2.320 0.000000 227.366172 0.000000 0.190840 0.000000
 2.330 -0.000000 220.290989 0.000000 0.190840 0.000000
 2.340 -0.000000 214.082011 0.000000 0.190840 0.000000
 2.350 -0.000000 208.736044 0.000000 0.190840 0.000000
 2.360 0.000000 204.200008 0.000000 0.190840 0.000000
 2.370 0.000000 200.369972 0.000000 0.190840 0.000000
 2.380 -0.000000 197.096475 0.000000 0.190840 0.000000
 2.390 -0.000000 194.260283 0.000000 0.190840 0.000000
 2.400 -0.000000 191.856079 0.000000 0.190840 0.000000
 2.410 0.000000 189.949695 0.000000 0.190840 0.000000
 2.420 0.000000 188.513425 0.000000 0.190840 0.000000
 2.430 0.000000 187.316610 0.000000 0.190840 0.000000
 2.440 -0.000000 186.000980 0.000000 0.190840 0.000000
 2.450 -0.000000 184.266155 0.000000 0.190840 0.000000
 2.460 -0.000000 182.005210 0.000000 0.190840 0.000000
 2.470 0.000000 179.330570 0.000000 0.190840 0.000000
 2.480 0.000000 176.529986 0.000000 0.190840 0.000000
 2.490 -0.000000 173.982632 0.000000 0.190840 0.000000
 2.500 -0.000000 172.037385 0.000000 0.190840 0.000000
 2.510 -0.000000 170.891057 0.000000 0.190840 0.000000
 2.520 0.000000 170.547656 0.000000 0.190840 0.000000
 2.530 0.000000 170.902783 0.000000 0.190840 0.000000
 2.540 0.000000 171.887505 0.000000 0.190840 0.000000
 2.550 -0.000000 173.534499 0.000000 0.190840 0.000000
 2.560 -0.000000 175.896680 0.000000 0.190840 0.000000
 2.570 -0.000000 178.904075 0.000000 0.190840 0.000000
 2.580 0.000000 182.313729 0.000000 0.190840 0.000000
 2.590 0.000000 185.809220 0.000000 0.190840 0.000000
 2.600 0.000000 189.159820 0.000000 0.190840 0.000000
 2.610 -0.000000 192.308200 0.000000 0.190840 0.000000
 2.620 -0.000000 195.332556 0.000000 0.190840 0.000000
 2.630 0.000000 198.334203 0.000000 0.190840 0.000000
 2.640 0.000000 201.352526 0.000000 0.190840 0.000000
 2.650 0.000000 204.369221 0.000000 0.190840 0.000000
 2.660 -0.000000 207.366645 0.000000 0.190840 0.000000
 2.670 -0.000000 210.353660 0.000000 0.190840 0.000000
 2.680 -0.000000 213.328223 0.000000 0.190840 0.000000
 2.690 0.000000 216.234434 0.000000 0.190840 0.000000
 2.700 0.000000 218.977015 0.000000 0.190840 0.000000
 2.710 0.000000 221.482180 0.000000 0.190840 0.000000
 2.720 -0.000000 223.744977 0.000000 0.190840 0.000000
 2.730 -0.000000 225.830043 0.000000 0.190840 0.000000
 2.740 0.000000 227.837993 0.000000 0.190840 0.000000
 2.750 0.000000 229.855022 0.000000 0.190840 0.000000
 2.760 0.000000 231.891815 0.000000 0.190840 0.000000
 2.770 -0.000000 233.837317 0.000000 0.190840 0.000000
 2.780 -0.000000 235.479950 0.000000 0.190840 0.000000
 2.790 -0.000000 236.616933 0.000000 0.190840 0.000000
 2.800 0.000000 237.187476 0.000000 0.190840 0.000000
 2.810 0.000000 237.324614 0.000000 0.190840 0.000000
 2.820 0.000000 237.283999 0.000000 0.190840 0.000000
 2.830 -0.000000 237.312283 0.000000 0.190840 0.000000
 2.840 -0.000000 237.553490 0.000000 0.190840 0.000000
 2.850 0.000000 238.036985 0.000000 0.190840 0.000000
 2.860 0.000000 238.719542 0.000000 0.190840 0.000000
 2.870 0.000000 239.534253 0.000000 0.190840 0.000000
 2.880 -0.000000 240.423080 0.000000 0.190840 0.000000
 2.890 -0.000000 241.348803 0.000000 0.190840 0.000000
 2.900 -0.000000 242.279442 0.000000 0.190840 0.000000
 2.910 0.000000 243.146810 0.000000 0.190840 0.000000
 2.920 0.000000 243.818958 0.000000 0.190840 0.000000
 2.930 0.000000 244.142298 0.000000 0.190840 0.000000
 2.940 -0.000000 244.048389 0.000000 0.190840 0.000000
 2.950 -0.000000 243.633216 0.000000 0.190840 0.000000
 2.960 0.000000 243.118537 0.000000 0.190840 0.000000
 2.970 0.000000 242.714714 0.000000 0.190840 0.000000
 2.980 0.000000 242.503403 0.000000 0.190840 0.000000
 2.990 -0.000000 242.434937 0.000000 0.190840 0.000000
 3.000 -0.000000 242.418573 0.000000 0.190840 0.000000
 3.010 -0.000000 242.403579 0.000000 0.190840 0.000000
 3.020 0.000000 242.383116 0.000000 0.190840 0.000000
 3.030 0.000000 242.344494 0.000000 0.190840 0.000000
 3.040 0.000000 242.229983 0.000000 0.190840 0.000000
 3.050 -0.000000 241.938588 0.000000 0.190840 0.000000
 3.060 -0.000000 241.358647 0.000000 0.190840 0.000000
 3.070 0.000000 240.413993 0.000000 0.190840 0.000000
 3.080 0.000000 239.103393 0.000000 0.190840 0.000000
 3.090 0.000000 237.496989 0.000000 0.190840 0.000000
 3.100 -0.000000 235.659442 0.000000 0.190840 0.000000
 3.110 -0.000000 233.525483 0.000000 0.190840 0.000000
 3.120 -0.000000 230.832947 0.000000 0.190840 0.000000
 3.130 0.000000 227.234114 0.000000 0.190840 0.000000
 3.140 0.000000 222.567594 0.000000 0.190840 0.000000
 3.150 0.000000 217.058481 0.000000 0.190840 0.000000
 3.160 -0.000000 211.208612 0.000000 0.190840 0.000000
 3.170 -0.000000 205.448832 0.000000 0.190840 0.000000
 3.180 0.000000 199.891692 0.000000 0.190840 0.000000
 3.190 0.000000 194.382948 0.000000 0.190840 0.000000
 3.200 0.000000 188.710876 0.000000 0.190840 0.000000
 3.210 -0.000000 182.742383 0.000000 0.190840 0.000000
 3.220 -0.000000 176.426113 0.000000 0.190840 0.000000
 3.230 -0.000000 169.725159 0.000000 0.190840 0.000000
 3.240 0.000000 162.546052 0.000000 0.190840 0.000000
 3.250 0.000000 154.777451 0.000000 0.190840 0.000000
 3.260 0.000000 146.595694 0.000000 0.190840 0.000000
 3.270 -0.000000 138.972207 0.000000 0.190840 0.000000
 3.280 -0.000000 133.860540 0.000000 0.190840 0.000000
 3.290 0.000000 133.429871 0.000000 0.190840 0.000000
 3.300 0.000000 138.465742 0.000000 0.190840 0.000000
 3.310 0.000000 147.178419 0.000000 0.190840 0.000000
 3.320 -0.000000 155.780556 0.000000 0.190840 0.000000
 3.330 -0.000000 160.740904 0.000000 0.190840 0.000000
 3.340 -0.000000 160.945260 0.000000 0.190840 0.000000
 3.350 0.000000 158.016017 0.000000 0.190840 0.000000
 3.360 0.000000 154.784348 0.000000 0.190840 0.000000
 3.370 0.000000 153.418463 0.000000 0.190840 0.000000
 3.380 -0.000000 154.547723 0.000000 0.190840 0.000000
 3.390 -0.000000 157.534053 0.000000 0.190840 0.000000
 3.400 -0.000000 161.280782 0.000000 0.190840 0.000000
 3.410 0.000000 165.029547 0.000000 0.190840 0.000000
 3.420 0.000000 168.874244 0.000000 0.190840 0.000000
 3.430 -0.000000 173.814239 0.000000 0.190840 0.000000
 3.440 -0.000000 181.255273 0.000000 0.190840 0.000000
 3.450 -0.000000 192.160192 0.000000 0.190840 0.000000
 3.460 0.000000 206.389960 0.000000 0.190840 0.000000
 3.470 0.000000 222.757938 0.000000 0.190840 0.000000
 3.480 0.000000 239.786645 0.000000 0.190840 0.000000
 3.490 -0.000000 256.540867 0.000000 0.190840 0.000000
 3.500 -0.000000 272.884334 0.000000 0.190840 0.000000
 3.510 -0.000000 289.113887 0.000000 0.190840 0.000000
 3.520 0.000000 305.456959 0.000000 0.190840 0.000000
 3.530 0.000000 321.849531 0.000000 0.190840 0.000000
 3.540 -0.000000 338.011773 0.000000 0.190840 0.000000
 3.550 -0.000000 353.625100 0.000000 0.190840 0.000000
 3.560 -0.000000 368.468938 0.000000 0.190840 0.000000
 3.570 0.000000 382.473444 0.000000 0.190840 0.000000
 3.580 0.000000 395.684363 0.000000 0.190840 0.000000
 3.590 0.000000 408.169447 0.000000 0.190840 0.000000
 3.600 -0.000000 419.932379 0.000000 0.190840 0.000000
 3.610 -0.000000 430.887045 0.000000 0.190840 0.000000
 3.620 -0.000000 440.884236 0.000000 0.190840 0.000000
 3.630 0.000000 449.750566 0.000000 0.190840 0.000000
 3.640 0.000000 457.323845 0.000000 0.190840 0.000000
 3.650 -0.000000 463.490624 0.000000 0.190840 0.000000
 3.660 -0.000000 468.223213 0.000000 0.190840 0.000000
 3.670 -0.000000 471.615130 0.000000 0.190840 0.000000
 3.680 0.000000 473.916812 0.000000 0.190840 0.000000
 3.690 0.000000 475.537592 0.000000 0.190840 0.000000
 3.700 0.000000 476.960589 0.000000 0.190840 0.000000
 3.710 -0.000000 478.590841 0.000000 0.190840 0.000000
 3.720 -0.000000 480.653803 0.000000 0.190840 0.000000
 3.730 -0.000000 483.238684 0.000000 0.190840 0.000000
 3.740 0.000000 486.435380 0.000000 0.190840 0.000000
 3.750 0.000000 490.398764 0.000000 0.190840 0.000000
 3.760 -0.000000 495.227629 0.000000 0.190840 0.000000
 3.770 -0.000000 500.737932 0.000000 0.190840 0.000000
 3.780 -0.000000 506.353065 0.000000 0.190840 0.000000
 3.790 0.000000 511.259945 0.000000 0.190840 0.000000
 3.800 0.000000 514.743586 0.000000 0.190840 0.000000
 3.810 0.000000 516.463116 0.000000 0.190840 0.000000
 3.820 -0.000000 516.523271 0.000000 0.190840 0.000000
 3.830 -0.000000 515.389260 0.000000 0.190840 0.000000
 3.840 -0.000000 513.748693 0.000000 0.190840 0.000000
 3.850 0.000000 512.330820 0.000000 0.190840 0.000000
 3.860 0.000000 511.654782 0.000000 0.190840 0.000000
 3.870 0.000000 511.775760 0.000000 0.190841 0.000000
 3.880 -0.000002 512.171807 0.000000 0.190841 0.000000
 3.890 -0.000004 511.838213 0.000000 0.190842 0.000000
 3.900 0.000001 509.524193 0.000000 0.190842 0.000000
 3.910 0.000017 504.011133 0.000000 0.190842 0.000000
 3.920 0.000027 494.408295 0.000000 0.190841 0.000000
 3.930 -0.000021 480.518640 0.000000 0.190838 0.000000
 3.940 -0.000148 463.263401 0.000000 0.190833 0.000000
 3.950 -0.000181 444.911796 0.000000 0.190827 0.000000
 3.960 0.000269 428.663511 0.000000 0.190821 0.000000
 3.970 0.001212 417.376965 0.000000 0.190816 0.000000
 3.980 0.001158 412.012085 0.000000 0.190818 0.000000
 3.990 -0.002559 411.019270 0.000000 0.190832 0.000000
 4.000 -0.009147 411.524095 0.000000 0.190862 0.000000
 4.010 -0.007540 411.679005 0.000000 0.190913 0.000000
 4.020 0.019269 412.303610 0.000000 0.190983 0.000000
 4.030 0.064237 416.367256 0.000000 0.191060 0.000000
 4.040 0.058532 426.748640 0.000000 0.191124 0.000000
 4.050 -0.103689 444.160726 0.000000 0.191140 0.000000
 4.060 -0.416945 466.764264 0.000000 0.191065 0.000000
 4.070 -0.567608 491.422463 0.000000 0.190852 0.000000
 4.080 0.081393 515.409788 0.000000 0.190459 0.000000
 4.090 2.166404 537.438367 0.000000 0.189863 0.000000
 4.100 5.841872 557.611250 0.000000 0.189065 0.000000
 4.110 10.571853 576.625003 0.000000 0.188100 0.000000
 4.120 15.416116 594.898194 0.000000 0.187029 0.000000
 4.130 19.557381 612.195279 0.000000 0.185934 0.000000
 4.140 22.629845 627.820509 0.000000 0.184905 0.000000
 4.150 24.693798 640.998924 0.000000 0.184025 0.000000
 4.160 26.043638 651.081552 0.000000 0.183363 0.000000
 4.170 27.042912 657.582870 0.000000 0.182971 0.000000
 4.180 27.985229 660.256140 0.000000 0.182885 0.000000
 4.190 28.940657 659.243596 0.000000 0.183124 0.000000
 4.200 29.674988 655.120273 0.000000 0.183694 0.000000
 4.210 29.745343 648.694546 0.000000 0.184579 0.000000
 4.220 28.711221 640.674533 0.000000 0.185746 0.000000
 4.230 26.297898 631.469052 0.000000 0.187128 0.000000
 4.240 22.457729 621.285812 0.000000 0.188638 0.000000
 4.250 17.420587 610.432497 0.000000 0.190167 0.000000
 4.260 11.776889 599.580408 0.000000 0.191603 0.000000
 4.270 6.450104 589.805567 0.000000 0.192850 0.000000
 4.280 2.391064 582.364565 0.000000 0.193841 0.000000
 4.290 0.103091 578.312442 0.000000 0.194551 0.000000
 4.300 -0.616006 578.198583 0.000000 0.194993 0.000000
 4.310 -0.459495 582.055516 0.000000 0.195209 0.000000
 4.320 -0.118230 589.644081 0.000000 0.195261 0.000000
 4.330 0.062192 600.646073 0.000000 0.195212 0.000000
 4.340 0.070858 614.518981 0.000000 0.195116 0.000000
 4.350 0.022000 630.058074 0.000000 0.195014 0.000000
 4.360 -0.007947 645.024534 0.000000 0.194928 0.000000
 4.370 -0.010125 656.232768 0.000000 0.194869 0.000000
 4.380 -0.002943 660.270876 0.000000 0.194836 0.000000
 4.390 0.001232 654.667321 0.000000 0.194824 0.000000
 4.400 0.001348 638.915954 0.000000 0.194825 0.000000
 4.410 0.000314 614.643831 0.000000 0.194832 0.000000
 4.420 -0.000195 584.708328 0.000000 0.194841 0.000000
 4.430 -0.000166 551.875669 0.000000 0.194849 0.000000
 4.440 -0.000026 518.071099 0.000000 0.194854 0.000000
 4.450 0.000029 484.552674 0.000000 0.194857 0.000000
 4.460 0.000019 452.448963 0.000000 0.194858 0.000000
 4.470 0.000001 422.998667 0.000000 0.194858 0.000000
 4.480 -0.000004 397.617504 0.000000 0.194857 0.000000
 4.490 -0.000002 378.399353 0.000000 0.194856 0.000000
 4.500 0.000000 368.805444 0.000000 0.194856 0.000000
 4.510 0.000000 372.999016 0.000000 0.194855 0.000000
 4.520 0.000000 392.834031 0.000000 0.194855 0.000000
 4.530 -0.000000 424.359680 0.000000 0.194855 0.000000
 4.540 -0.000000 457.643711 0.000000 0.194855 0.000000
 4.550 -0.000000 481.430423 0.000000 0.194855 0.000000
 4.560 0.000000 489.389545 0.000000 0.194855 0.000000
 4.570 0.000000 482.965033 0.000000 0.194855 0.000000
 4.580 0.000000 469.145478 0.000000 0.194855 0.000000
 4.590 -0.000000 455.797973 0.000000 0.194855 0.000000
 4.600 -0.000000 448.113877 0.000000 0.194855 0.000000
 4.610 -0.000000 447.658415 0.000000 0.194855 0.000000
 4.620 0.000000 453.562199 0.000000 0.194855 0.000000
 4.630 0.000000 464.614736 0.000000 0.194855 0.000000
 4.640 -0.000000 480.673909 0.000000 0.194855 0.000000
 4.650 -0.000000 502.117837 0.000000 0.194855 0.000000
 4.660 -0.000000 527.772269 0.000000 0.194855 0.000000
 4.670 0.000000 553.573781 0.000000 0.194855 0.000000
 4.680 0.000000 573.795109 0.000000 0.194855 0.000000
 4.690 0.000000 584.078888 0.000000 0.194855 0.000000
 4.700 -0.000000 583.701596 0.000000 0.194855 0.000000
 4.710 -0.000000 575.336564 0.000000 0.194855 0.000000
 4.720 -0.000000 562.866995 0.000000 0.194855 0.000000
 4.730 0.000000 549.152937 0.000000 0.194855 0.000000
 4.740 0.000000 535.240591 0.000000 0.194855 0.000000
 4.750 -0.000000 521.156712 0.000000 0.194855 0.000000
 4.760 -0.000000 507.327106 0.000000 0.194855 0.000000
 4.770 -0.000000 495.424325 0.000000 0.194855 0.000000
 4.780 0.000000 488.037123 0.000000 0.194855 0.000000
 4.790 0.000000 487.419143 0.000000 0.194855 0.000000
 4.800 0.000000 494.112104 0.000000 0.194855 0.000000
 4.810 -0.000000 506.250299 0.000000 0.194855 0.000000
 4.820 -0.000000 520.017881 0.000000 0.194855 0.000000
 4.830 -0.000000 531.204411 0.000000 0.194855 0.000000
 4.840 0.000000 537.165795 0.000000 0.194855 0.000000
 4.850 0.000000 538.074503 0.000000 0.194855 0.000000
 4.860 -0.000000 536.621457 0.000000 0.194855 0.000000
 4.870 -0.000000 536.306818 0.000000 0.194855 0.000000
 4.880 -0.000000 539.392795 0.000000 0.194855 0.000000
 4.890 0.000000 545.742130 0.000000 0.194855 0.000000
 4.900 0.000000 553.137250 0.000000 0.194855 0.000000
 4.910 0.000000 558.807592 0.000000 0.194855 0.000000
 4.920 -0.000000 561.191528 0.000000 0.194855 0.000000
 4.930 -0.000000 560.706103 0.000000 0.194855 0.000000
 4.940 -0.000000 558.912917 0.000000 0.194855 0.000000
 4.950 0.000000 556.870060 0.000000 0.194855 0.000000
 4.960 0.000000 554.365510 0.000000 0.194855 0.000000
 4.970 0.000000 550.822198 0.000000 0.194855 0.000000
 4.980 -0.000000 546.683852 0.000000 0.194855 0.000000
 4.990 -0.000000 543.451752 0.000000 0.194855 0.000000
 5.000 0.000000 542.243159 0.000000 0.194855 0.000000
 5.010 0.000000 542.733654 0.000000 0.194855 0.000000
 5.020 0.000000 544.016089 0.000000 0.194855 0.000000
 5.030 -0.000000 546.508938 0.000000 0.194855 0.000000
 5.040 -0.000000 552.510189 0.000000 0.194855 0.000000
 5.050 -0.000000 564.343703 0.000000 0.194855 0.000000
 5.060 0.000000 581.815034 0.000000 0.194855 0.000000
 5.070 0.000000 601.602020 0.000000 0.194855 0.000000
 5.080 0.000000 619.195176 0.000000 0.194855 0.000000
 5.090 -0.000000 631.508136 0.000000 0.194855 0.000000
 5.100 -0.000000 638.050058 0.000000 0.194855 0.000000
 5.110 0.000000 640.375721 0.000000 0.194855 0.000000
 5.120 0.000000 640.980822 0.000000 0.194855 0.000000
 5.130 0.000000 642.484534 0.000000 0.194855 0.000000
 5.140 -0.000000 646.875038 0.000000 0.194855 0.000000
 5.150 -0.000000 654.510096 0.000000 0.194855 0.000000
 5.160 -0.000000 663.485539 0.000000 0.194855 0.000000
 5.170 0.000000 670.329814 0.000000 0.194855 0.000000
 5.180 0.000000 671.929997 0.000000 0.194855 0.000000
 5.190 0.000000 667.305187 0.000000 0.194855 0.000000
 5.200 -0.000000 657.879784 0.000000 0.194855 0.000000
 5.210 -0.000000 646.237798 0.000000 0.194855 0.000000
 5.220 0.000000 634.528942 0.000000 0.194855 0.000000
 5.230 0.000000 623.677147 0.000000 0.194855 0.000000
 5.240 0.000000 613.618986 0.000000 0.194855 0.000000
 5.250 -0.000000 604.013540 0.000000 0.194855 0.000000
 5.260 -0.000000 594.774972 0.000000 0.194855 0.000000
 5.270 -0.000000 586.139250 0.000000 0.194855 0.000000
 5.280 0.000000 578.351531 0.000000 0.194855 0.000000
 5.290 0.000000 571.278824 0.000000 0.194855 0.000000
 5.300 0.000000 564.272137 0.000000 0.194855 0.000000
 5.310 -0.000000 556.389344 0.000000 0.194855 0.000000
 5.320 -0.000000 546.789347 0.000000 0.194855 0.000000
 5.330 0.000000 535.025680 0.000000 0.194855 0.000000
 5.340 0.000000 521.169035 0.000000 0.194855 0.000000
 5.350 0.000000 505.834548 0.000000 0.194855 0.000000
 5.360 -0.000000 490.044094 0.000000 0.194855 0.000000
 5.370 -0.000000 474.736624 0.000000 0.194855 0.000000
 5.380 -0.000000 460.062833 0.000000 0.194855 0.000000
 5.390 0.000000 445.082907 0.000000 0.194855 0.000000
 5.400 0.000000 428.385615 0.000000 0.194855 0.000000
 5.410 0.000000 409.334754 0.000000 0.194855 0.000000
 5.420 -0.000000 388.945633 0.000000 0.194855 0.000000
 5.430 -0.000000 369.616867 0.000000 0.194855 0.000000
 5.440 0.000000 353.914504 0.000000 0.194855 0.000000
 5.450 0.000000 343.358647 0.000000 0.194855 0.000000
 5.460 0.000000 338.016889 0.000000 0.194855 0.000000
 5.470 -0.000000 336.940858 0.000000 0.194855 0.000000
 5.480 -0.000000 338.890777 0.000000 0.194855 0.000000
 5.490 -0.000000 342.802812 0.000000 0.194855 0.000000
 5.500 0.000000 347.838030 0.000000 0.194855 0.000000
 5.510 0.000000 353.198567 0.000000 0.194855 0.000000
 5.520 0.000000 358.014912 0.000000 0.194855 0.000000
 5.530 -0.000000 361.480503 0.000000 0.194855 0.000000
 5.540 -0.000000 363.121927 0.000000 0.194855 0.000000
 5.550 0.000000 362.909442 0.000000 0.194855 0.000000
 5.560 0.000000 361.071515 0.000000 0.194855 0.000000
 5.570 0.000000 357.807183 0.000000 0.194855 0.000000
 5.580 -0.000000 353.169866 0.000000 0.194855 0.000000
 5.590 -0.000000 347.156239 0.000000 0.194855 0.000000
 5.600 -0.000000 339.830970 0.000000 0.194855 0.000000
 5.610 0.000000 331.372930 0.000000 0.194855 0.000000
 5.620 0.000000 322.063777 0.000000 0.194855 0.000000
 5.630 0.000000 312.247320 0.000000 0.194855 0.000000
 5.640 -0.000000 302.229077 0.000000 0.194855 0.000000
 5.650 -0.000000 292.119955 0.000000 0.194855 0.000000
 5.660 0.000000 281.746640 0.000000 0.194855 0.000000
 5.670 0.000000 270.781518 0.000000 0.194855 0.000000
 5.680 0.000000 259.070947 0.000000 0.194855 0.000000
 5.690 -0.000000 246.902045 0.000000 0.194855 0.000000
 5.700 -0.000000 234.945507 0.000000 0.194855 0.000000
 5.710 -0.000000 223.911841 0.000000 0.194855 0.000000
 5.720 0.000000 214.227277 0.000000 0.194855 0.000000
 5.730 0.000000 205.963923 0.000000 0.194855 0.000000
 5.740 0.000000 198.982761 0.000000 0.194855 0.000000
 5.750 -0.000000 193.113372 0.000000 0.194855 0.000000
 5.760 -0.000000 188.268747 0.000000 0.194855 0.000000
 5.770 0.000000 184.478411 0.000000 0.194855 0.000000
 5.780 0.000000 181.828000 0.000000 0.194855 0.000000
 5.790 0.000000 180.323084 0.000000 0.194855 0.000000
 5.800 -0.000000 179.781544 0.000000 0.194855 0.000000
 5.810 -0.000000 179.867400 0.000000 0.194855 0.000000
 5.820 -0.000000 180.252179 0.000000 0.194855 0.000000
 5.830 0.000000 180.773380 0.000000 0.194855 0.000000
 5.840 0.000000 181.477209 0.000000 0.194855 0.000000
 5.850 0.000000 182.523111 0.000000 0.194855 0.000000
 5.860 -0.000000 184.001735 0.000000 0.194855 0.000000
 5.870 -0.000000 185.786126 0.000000 0.194855 0.000000
 5.880 -0.000000 187.570672 0.000000 0.194855 0.000000
 5.890 0.000000 189.136236 0.000000 0.194855 0.000000
 5.900 0.000000 190.638057 0.000000 0.194855 0.000000
 5.910 -0.000000 192.612391 0.000000 0.194855 0.000000
 5.920 -0.000000 195.626011 0.000000 0.194855 0.000000
 5.930 -0.000000 199.847535 0.000000 0.194855 0.000000
 5.940 0.000000 204.909088 0.000000 0.194855 0.000000
 5.950 0.000000 210.148474 0.000000 0.194855 0.000000
 5.960 0.000000 214.987764 0.000000 0.194855 0.000000
 5.970 -0.000000 219.152492 0.000000 0.194855 0.000000
 5.980 -0.000000 222.646801 0.000000 0.194855 0.000000
 5.990 -0.000000 225.595155 0.000000 0.194855 0.000000
 6.000 0.000000 228.086370 0.000000 0.194855 0.000000
 6.010 0.000000 230.095124 0.000000 0.194855 0.000000
 6.020 -0.000000 231.511272 0.000000 0.194855 0.000000
 6.030 -0.000000 232.257350 0.000000 0.194855 0.000000
 6.040 -0.000000 232.396364 0.000000 0.194855 0.000000
 6.050 0.000000 232.108259 0.000000 0.194855 0.000000
 6.060 0.000000 231.533296 0.000000 0.194855 0.000000
 6.070 0.000000 230.663418 0.000000 0.194855 0.000000
 6.080 -0.000000 229.468527 0.000000 0.194855 0.000000
 6.090 -0.000000 228.163701 0.000000 0.194855 0.000000
 6.100 -0.000000 227.248034 0.000000 0.194855 0.000000
 6.110 0.000000 227.112143 0.000000 0.194855 0.000000
 6.120 0.000000 227.537258 0.000000 0.194855 0.000000
 6.130 -0.000000 227.632031 0.000000 0.194855 0.000000
 6.140 -0.000000 226.325798 0.000000 0.194855 0.000000
 6.150 -0.000000 222.983043 0.000000 0.194855 0.000000
 6.160 0.000000 217.677517 0.000000 0.194855 0.000000
 6.170 0.000000 211.060955 0.000000 0.194855 0.000000
 6.180 0.000000 204.026111 0.000000 0.194855 0.000000
 6.190 -0.000000 197.325777 0.000000 0.194855 0.000000
 6.200 -0.000000 191.235191 0.000000 0.194855 0.000000
 6.210 -0.000000 185.382928 0.000000 0.194855 0.000000
 6.220 0.000000 178.870423 0.000000 0.194855 0.000000
 6.230 0.000000 170.671714 0.000000 0.194855 0.000000
 6.240 -0.000000 160.259573 0.000000 0.194855 0.000000
 6.250 -0.000000 148.496063 0.000000 0.194855 0.000000
 6.260 -0.000000 138.551715 0.000000 0.194855 0.000000
 6.270 0.000000 135.722688 0.000000 0.194855 0.000000
 6.280 0.000000 144.772402 0.000000 0.194855 0.000000
 6.290 0.000000 165.557049 0.000000 0.194855 0.000000
 6.300 -0.000000 190.872672 0.000000 0.194855 0.000000
 6.310 -0.000000 210.057235 0.000000 0.194855 0.000000
 6.320 -0.000000 216.279095 0.000000 0.194855 0.000000
 6.330 0.000000 210.630093 0.000000 0.194855 0.000000
 6.340 0.000000 199.040349 0.000000 0.194855 0.000000
 6.350 -0.000000 186.099589 0.000000 0.194855 0.000000
