 0.000 0.000000 -0.000000 0.000000 1.020537 0.000000
 0.010 0.000000 0.000000 0.000000 1.020537 0.000000
 0.020 -0.000000 0.000000 0.000000 1.020537 0.000000
 0.030 -0.000000 -0.000000 0.000000 1.020537 0.000000
 0.040 -0.000000 -0.000000 0.000000 1.020537 0.000000
 0.050 0.000000 -0.000000 0.000000 1.020537 0.000000
 0.060 0.000000 0.000000 0.000000 1.020537 0.000000
 0.070 0.000000 0.000000 0.000000 1.020537 0.000000
 0.080 -0.000000 0.000000 0.000000 1.020537 0.000000
 0.090 -0.000000 -0.000000 0.000000 1.020537 0.000000
 0.100 0.000000 -0.000000 0.000000 1.020537 0.000000
 0.110 0.000000 -0.000000 0.000000 1.020537 0.000000
 0.120 0.000000 0.000000 0.000000 1.020537 0.000000
 0.130 -0.000000 0.000000 0.000000 1.020537 0.000000
 0.140 -0.000000 -0.000000 0.000000 1.020537 0.000000
 0.150 -0.000000 -0.000000 0.000000 1.020537 0.000000
 0.160 0.000000 -0.000000 0.000000 1.020537 0.000000
 0.170 0.000000 0.000000 0.000000 1.020537 0.000000
 0.180 0.000000 0.000000 0.000000 1.020537 0.000000
 0.190 -0.000000 0.000000 0.000000 1.020537 0.000000
 0.200 -0.000000 -0.000000 0.000000 1.020537 0.000000
 0.210 0.000000 -0.000000 0.000000 1.020537 0.000000
 0.220 0.000000 -0.000000 0.000000 1.020537 0.000000
 0.230 0.000000 0.000000 0.000000 1.020537 0.000000
 0.240 -0.000000 0.000000 0.000000 1.020537 0.000000
 0.250 -0.000000 -0.000000 0.000000 1.020537 0.000000
 0.260 -0.000000 -0.000000 0.000000 1.020537 0.000000
 0.270 0.000000 -0.000000 0.000000 1.020537 0.000000
 0.280 0.000000 0.000000 0.000000 1.020537 0.000000
 0.290 0.000000 0.000000 0.000000 1.020537 0.000000
 0.300 -0.000000 0.000000 0.000000 1.020537 0.000000
 0.310 -0.000000 -0.000000 0.000000 1.020537 0.000000
 0.320 -0.000000 -0.000000 0.000000 1.020537 0.000000
 0.330 0.000000 -0.000000 0.000000 1.020537 0.000000
 0.340 0.000000 0.000000 0.000000 1.020537 0.000000
 0.350 -0.000000 0.000000 0.000000 1.020537 0.000000
 0.360 -0.000000 -0.000000 0.000000 1.020537 0.000000
 0.370 -0.000000 -0.000001 0.000000 1.020537 0.000000
 0.380 0.000000 -0.000002 0.000000 1.020537 0.000000
 0.390 0.000000 0.000001 0.000000 1.020537 0.000000
 0.400 0.000000 0.000010 0.000000 1.020537 0.000000
 0.410 -0.000000 0.000012 0.000000 1.020537 0.000000
 0.420 -0.000000 -0.000022 0.000000 1.020537 0.000000
 0.430 -0.000000 -0.000093 0.000000 1.020537 0.000000
 0.440 0.000000 -0.000073 0.000000 1.020537 0.000000
 0.450 0.000000 0.000264 0.000000 1.020537 0.000000
 0.460 -0.000000 0.000786 0.000000 1.020537 0.000000
 0.470 -0.000000 0.000306 0.000000 1.020537 0.000000
 0.480 -0.000000 -0.002714 0.000000 1.020537 0.000000
 0.490 0.000000 -0.006153 0.000000 1.020537 0.000000
 0.500 0.000000 -0.000068 0.000000 1.020537 0.000000
 0.510 0.000000 0.024607 0.000000 1.020537 0.000000
 0.520 -0.000000 0.044912 0.000000 1.020537 0.000000
 0.530 -0.000000 -0.014369 0.000000 1.020537 0.000000
 0.540 -0.000000 -0.199011 0.000000 1.020537 0.000000
 0.550 0.000000 -0.312593 0.000000 1.020537 0.000000
 0.560 0.000000 0.155976 0.000000 1.020537 0.000000
 0.570 -0.000000 1.428806 0.000000 1.020537 0.000000
 0.580 -0.000000 2.182468 0.000000 1.020537 0.000000
 0.590 -0.000000 -0.689620 0.000000 1.020537 0.000000
 0.600 0.000000 -8.798454 0.000000 1.020537 0.000000
 0.610 0.000000 -16.095573 0.000000 1.020537 0.000000
 0.620 0.000000 -6.481452 0.000000 1.020537 0.000000
 0.630 -0.000000 37.493275 0.000000 1.020537 0.000000
 0.640 -0.000000 118.307649 0.000000 1.020537 0.000000
 0.650 -0.000000 215.484656 0.000000 1.020537 0.000000
 0.660 0.000000 297.621692 0.000000 1.020537 0.000000
 0.670 0.000000 345.328971 0.000000 1.020537 0.000000
 0.680 -0.000000 363.346940 0.000000 1.020537 0.000000
 0.690 -0.000000 372.039610 0.000000 1.020537 0.000000
 0.700 -0.000000 389.458497 0.000000 1.020537 0.000000
 0.710 0.000000 420.693580 0.000000 1.020537 0.000000
 0.720 0.000000 459.728454 0.000000 1.020537 0.000000
 0.730 0.000000 497.391759 0.000000 1.020537 0.000000
 0.740 -0.000000 527.571916 0.000000 1.020537 0.000000
 0.750 -0.000000 548.860679 0.000000 1.020537 0.000000
 0.760 -0.000000 563.024737 0.000000 1.020537 0.000000
 0.770 0.000000 572.687680 0.000000 1.020537 0.000000
 0.780 0.000001 579.671787 0.000000 1.020536 0.000000
 0.790 0.000000 584.397675 0.000000 1.020536 0.000000
 0.800 -0.000002 586.235351 0.000000 1.020536 0.000000
 0.810 -0.000005 584.441875 0.000000 1.020536 0.000000
 0.820 0.000001 579.041454 0.000000 1.020535 0.000000
 0.830 0.000022 571.007451 0.000000 1.020535 0.000000
 0.840 0.000035 561.665306 0.000000 1.020536 0.000000
 0.850 -0.000028 551.915665 0.000000 1.020537 0.000000
 0.860 -0.000197 541.963977 0.000000 1.020540 0.000000
 0.870 -0.000241 531.669215 0.000000 1.020544 0.000000
 0.880 0.000357 521.051941 0.000000 1.020549 0.000000
 0.890 0.001608 510.492819 0.000000 1.020553 0.000000
 0.900 0.001538 500.569454 0.000000 1.020553 0.000000
 0.910 -0.003381 491.796466 0.000000 1.020547 0.000000
 0.920 -0.012099 484.501031 0.000000 1.020530 0.000000
 0.930 -0.010008 478.861994 0.000000 1.020500 0.000000
 0.940 0.025301 475.011715 0.000000 1.020456 0.000000
 0.950 0.084598 473.100288 0.000000 1.020402 0.000000
 0.960 0.077739 473.286307 0.000000 1.020351 0.000000
 0.970 -0.133877 475.684758 0.000000 1.020321 0.000000
 0.980 -0.545222 480.322707 0.000000 1.020340 0.000000
 0.990 -0.753920 487.118656 0.000000 1.020441 0.000000
 1.000 0.066294 495.878667 0.000000 1.020655 0.000000
 1.010 2.779098 506.335443 0.000000 1.021011 0.000000
 1.020 7.719656 518.259715 0.000000 1.021526 0.000000
 1.030 14.448831 531.571625 0.000000 1.022202 0.000000
 1.040 22.048893 546.298032 0.000000 1.023030 0.000000
 1.050 29.663608 562.330403 0.000000 1.023988 0.000000
 1.060 36.840936 579.155434 0.000000 1.025053 0.000000
 1.070 43.537988 595.789190 0.000000 1.026200 0.000000
 1.080 49.938212 610.955186 0.000000 1.027408 0.000000
 1.090 56.249249 623.321842 0.000000 1.028664 0.000000
 1.100 62.558927 631.609293 0.000000 1.029955 0.000000
 1.110 68.790183 634.587681 0.000000 1.031267 0.000000
 1.120 74.763168 631.163752 0.000000 1.032584 0.000000
 1.130 80.298905 620.657446 0.000000 1.033889 0.000000
 1.140 85.269516 603.072503 0.000000 1.035165 0.000000
 1.150 89.567259 579.014121 0.000000 1.036400 0.000000
 1.160 93.038796 549.156072 0.000000 1.037597 0.000000
 1.170 95.412378 513.598558 0.000000 1.038773 0.000000
 1.180 96.177866 471.594066 0.000000 1.039965 0.000000
 1.190 94.413431 421.844026 0.000000 1.041217 0.000000
 1.200 88.762326 363.341688 0.000000 1.042578 0.000000
 1.210 77.949018 296.742781 0.000000 1.044087 0.000000
 1.220 61.937189 225.867588 0.000000 1.045766 0.000000
 1.230 42.934466 157.948402 0.000000 1.047616 0.000000
 1.240 24.834828 101.047957 0.000000 1.049615 0.000000
 1.250 10.706397 59.147120 0.000000 1.051721 0.000000
 1.260 0.214952 28.310645 0.000000 1.053870 0.000000
