 0.000 0.04480
 0.010 0.04482
 0.020 0.04486
 0.030 0.04490
 0.040 0.04495
 0.050 0.04501
 0.060 0.04508
 0.070 0.04514
 0.080 0.04522
 0.090 0.04529
 0.100 0.04537
 0.110 0.04546
 0.120 0.04554
 0.130 0.04563
 0.140 0.04571
 0.150 0.04580
 0.160 0.04588
 0.170 0.04596
 0.180 0.04604
 0.190 0.04611
 0.200 0.04618
 0.210 0.04625
 0.220 0.04630
 0.230 0.04636
 0.240 0.04640
 0.250 0.04644
 0.260 0.04647
 0.270 0.04649
 0.280 0.04651
 0.290 0.04652
 0.300 0.04652
 0.310 0.04652
 0.320 0.04651
 0.330 0.04650
 0.340 0.04648
 0.350 0.04645
 0.360 0.04642
 0.370 0.04639
 0.380 0.04635
 0.390 0.04631
 0.400 0.04626
 0.410 0.04621
 0.420 0.04616
 0.430 0.04610
 0.440 0.04604
 0.450 0.04598
 0.460 0.04591
 0.470 0.04584
 0.480 0.04576
 0.490 0.04568
 0.500 0.04560
 0.510 0.04551
 0.520 0.04542
 0.530 0.04533
 0.540 0.04524
 0.550 0.04514
 0.560 0.04503
 0.570 0.04493
 0.580 0.04482
 0.590 0.04471
 0.600 0.04460
 0.610 0.04449
 0.620 0.04437
 0.630 0.04425
 0.640 0.04413
 0.650 0.04401
 0.660 0.04389
 0.670 0.04377
 0.680 0.04365
 0.690 0.04353
 0.700 0.04340
 0.710 0.04328
 0.720 0.04316
 0.730 0.04304
 0.740 0.04292
 0.750 0.04280
 0.760 0.04268
 0.770 0.04257
 0.780 0.04246
 0.790 0.04236
 0.800 0.04226
 0.810 0.04216
 0.820 0.04207
 0.830 0.04198
 0.840 0.04190
 0.850 0.04182
 0.860 0.04175
 0.870 0.04168
 0.880 0.04161
 0.890 0.04155
 0.900 0.04150
 0.910 0.04144
 0.920 0.04139
 0.930 0.04135
 0.940 0.04131
 0.950 0.04127
 0.960 0.04123
 0.970 0.04120
 0.980 0.04118
 0.990 0.04116
 1.000 0.04114
 1.010 0.04114
 1.020 0.04113
 1.030 0.04114
 1.040 0.04115
 1.050 0.04117
 1.060 0.04120
 1.070 0.04123
 1.080 0.04127
 1.090 0.04132
 1.100 0.04138
 1.110 0.04144
 1.120 0.04151
 1.130 0.04159
 1.140 0.04168
 1.150 0.04177
 1.160 0.04188
 1.170 0.04199
 1.180 0.04211
 1.190 0.04223
 1.200 0.04237
 1.210 0.04251
 1.220 0.04266
 1.230 0.04281
 1.240 0.04297
 1.250 0.04314
 1.260 0.04331
 1.270 0.04348
 1.280 0.04366
 1.290 0.04383
 1.300 0.04401
 1.310 0.04418
 1.320 0.04436
 1.330 0.04453
 1.340 0.04469
 1.350 0.04485
 1.360 0.04501
 1.370 0.04516
 1.380 0.04530
 1.390 0.04543
 1.400 0.04556
 1.410 0.04568
 1.420 0.04580
 1.430 0.04590
 1.440 0.04599
 1.450 0.04608
 1.460 0.04615
 1.470 0.04622
 1.480 0.04628
 1.490 0.04632
 1.500 0.04636
 1.510 0.04638
 1.520 0.04639
 1.530 0.04640
 1.540 0.04639
 1.550 0.04638
 1.560 0.04636
 1.570 0.04633
 1.580 0.04630
 1.590 0.04625
 1.600 0.04620
 1.610 0.04615
 1.620 0.04609
 1.630 0.04603
 1.640 0.04596
 1.650 0.04588
 1.660 0.04581
 1.670 0.04573
 1.680 0.04564
 1.690 0.04556
 1.700 0.04547
 1.710 0.04538
 1.720 0.04529
 1.730 0.04520
 1.740 0.04510
 1.750 0.04500
 1.760 0.04491
 1.770 0.04481
 1.780 0.04471
 1.790 0.04461
 1.800 0.04452
 1.810 0.04442
 1.820 0.04433
 1.830 0.04424
 1.840 0.04415
 1.850 0.04406
 1.860 0.04398
 1.870 0.04390
 1.880 0.04382
 1.890 0.04375
 1.900 0.04368
 1.910 0.04361
 1.920 0.04355
 1.930 0.04348
 1.940 0.04342
 1.950 0.04337
 1.960 0.04331
 1.970 0.04326
 1.980 0.04321
 1.990 0.04317
 2.000 0.04313
 2.010 0.04309
 2.020 0.04305
 2.030 0.04302
 2.040 0.04299
 2.050 0.04296
 2.060 0.04294
 2.070 0.04291
 2.080 0.04289
 2.090 0.04287
 2.100 0.04286
 2.110 0.04284
 2.120 0.04283
 2.130 0.04281
 2.140 0.04280
 2.150 0.04279
 2.160 0.04278
 2.170 0.04277
 2.180 0.04275
 2.190 0.04274
 2.200 0.04272
 2.210 0.04270
 2.220 0.04268
 2.230 0.04266
 2.240 0.04263
 2.250 0.04260
 2.260 0.04257
 2.270 0.04254
 2.280 0.04250
 2.290 0.04246
 2.300 0.04242
 2.310 0.04237
 2.320 0.04232
 2.330 0.04227
 2.340 0.04222
 2.350 0.04217
 2.360 0.04211
 2.370 0.04205
 2.380 0.04199
 2.390 0.04193
 2.400 0.04186
 2.410 0.04180
 2.420 0.04173
 2.430 0.04166
 2.440 0.04160
 2.450 0.04153
 2.460 0.04146
 2.470 0.04140
 2.480 0.04133
 2.490 0.04127
 2.500 0.04120
 2.510 0.04114
 2.520 0.04109
 2.530 0.04103
 2.540 0.04097
 2.550 0.04092
 2.560 0.04086
 2.570 0.04081
 2.580 0.04075
 2.590 0.04070
 2.600 0.04064
 2.610 0.04059
 2.620 0.04054
 2.630 0.04049
 2.640 0.04045
 2.650 0.04040
 2.660 0.04037
 2.670 0.04033
 2.680 0.04030
 2.690 0.04027
 2.700 0.04025
 2.710 0.04023
 2.720 0.04022
 2.730 0.04021
 2.740 0.04021
 2.750 0.04021
 2.760 0.04021
 2.770 0.04022
 2.780 0.04024
 2.790 0.04025
 2.800 0.04027
 2.810 0.04030
 2.820 0.04032
 2.830 0.04034
 2.840 0.04037
 2.850 0.04039
 2.860 0.04040
 2.870 0.04042
 2.880 0.04043
 2.890 0.04043
 2.900 0.04043
 2.910 0.04042
 2.920 0.04040
 2.930 0.04037
 2.940 0.04033
 2.950 0.04028
 2.960 0.04022
 2.970 0.04014
 2.980 0.04006
 2.990 0.03995
 3.000 0.03984
 3.010 0.03972
 3.020 0.03958
 3.030 0.03944
 3.040 0.03928
 3.050 0.03912
 3.060 0.03895
 3.070 0.03878
 3.080 0.03861
 3.090 0.03843
 3.100 0.03825
 3.110 0.03808
 3.120 0.03790
 3.130 0.03773
 3.140 0.03757
 3.150 0.03741
 3.160 0.03725
 3.170 0.03710
 3.180 0.03696
 3.190 0.03683
 3.200 0.03670
 3.210 0.03658
 3.220 0.03647
 3.230 0.03636
 3.240 0.03627
 3.250 0.03618
 3.260 0.03610
 3.270 0.03603
 3.280 0.03596
 3.290 0.03591
 3.300 0.03586
 3.310 0.03582
 3.320 0.03579
 3.330 0.03578
 3.340 0.03577
 3.350 0.03577
 3.360 0.03578
 3.370 0.03580
 3.380 0.03583
 3.390 0.03587
 3.400 0.03591
 3.410 0.03597
 3.420 0.03603
 3.430 0.03610
 3.440 0.03617
 3.450 0.03625
 3.460 0.03634
 3.470 0.03642
 3.480 0.03652
 3.490 0.03661
 3.500 0.03671
 3.510 0.03681
 3.520 0.03690
 3.530 0.03700
 3.540 0.03710
 3.550 0.03720
 3.560 0.03730
 3.570 0.03739
 3.580 0.03749
 3.590 0.03758
 3.600 0.03766
 3.610 0.03775
 3.620 0.03783
 3.630 0.03791
 3.640 0.03798
 3.650 0.03805
 3.660 0.03811
 3.670 0.03817
 3.680 0.03822
 3.690 0.03827
 3.700 0.03832
 3.710 0.03837
 3.720 0.03841
 3.730 0.03845
 3.740 0.03848
 3.750 0.03851
 3.760 0.03854
 3.770 0.03856
 3.780 0.03859
 3.790 0.03861
 3.800 0.03862
 3.810 0.03864
 3.820 0.03865
 3.830 0.03866
 3.840 0.03867
 3.850 0.03867
 3.860 0.03867
 3.870 0.03866
 3.880 0.03865
 3.890 0.03863
 3.900 0.03860
 3.910 0.03857
 3.920 0.03853
 3.930 0.03849
 3.940 0.03845
 3.950 0.03839
 3.960 0.03834
 3.970 0.03828
 3.980 0.03822
 3.990 0.03815
 4.000 0.03809
 4.010 0.03802
 4.020 0.03796
 4.030 0.03790
 4.040 0.03783
 4.050 0.03777
 4.060 0.03770
 4.070 0.03764
 4.080 0.03757
 4.090 0.03750
 4.100 0.03744
 4.110 0.03737
 4.120 0.03730
 4.130 0.03723
 4.140 0.03717
 4.150 0.03710
 4.160 0.03703
 4.170 0.03697
 4.180 0.03691
 4.190 0.03685
 4.200 0.03679
 4.210 0.03673
 4.220 0.03667
 4.230 0.03662
 4.240 0.03657
 4.250 0.03652
 4.260 0.03647
 4.270 0.03643
 4.280 0.03639
 4.290 0.03635
 4.300 0.03631
 4.310 0.03627
 4.320 0.03624
 4.330 0.03621
 4.340 0.03618
 4.350 0.03616
 4.360 0.03613
 4.370 0.03611
 4.380 0.03609
 4.390 0.03608
 4.400 0.03606
 4.410 0.03605
 4.420 0.03604
 4.430 0.03604
 4.440 0.03603
 4.450 0.03603
 4.460 0.03603
 4.470 0.03603
 4.480 0.03603
 4.490 0.03603
 4.500 0.03603
 4.510 0.03604
 4.520 0.03604
 4.530 0.03605
 4.540 0.03606
 4.550 0.03607
 4.560 0.03608
 4.570 0.03609
 4.580 0.03610
 4.590 0.03611
 4.600 0.03612
 4.610 0.03613
 4.620 0.03614
 4.630 0.03615
 4.640 0.03615
 4.650 0.03615
 4.660 0.03615
 4.670 0.03615
 4.680 0.03615
 4.690 0.03614
 4.700 0.03613
 4.710 0.03612
 4.720 0.03611
 4.730 0.03609
 4.740 0.03608
 4.750 0.03606
 4.760 0.03603
 4.770 0.03600
 4.780 0.03597
 4.790 0.03594
 4.800 0.03590
 4.810 0.03586
 4.820 0.03582
 4.830 0.03577
 4.840 0.03572
 4.850 0.03567
 4.860 0.03561
 4.870 0.03555
 4.880 0.03549
 4.890 0.03543
 4.900 0.03537
 4.910 0.03530
 4.920 0.03524
 4.930 0.03518
 4.940 0.03511
 4.950 0.03505
 4.960 0.03500
 4.970 0.03494
 4.980 0.03489
 4.990 0.03484
 5.000 0.03479
 5.010 0.03474
 5.020 0.03470
 5.030 0.03466
 5.040 0.03462
 5.050 0.03459
 5.060 0.03455
 5.070 0.03452
 5.080 0.03450
 5.090 0.03448
 5.100 0.03446
 5.110 0.03444
 5.120 0.03443
 5.130 0.03442
 5.140 0.03441
 5.150 0.03441
 5.160 0.03441
 5.170 0.03441
 5.180 0.03441
 5.190 0.03441
 5.200 0.03441
 5.210 0.03441
 5.220 0.03441
 5.230 0.03441
 5.240 0.03440
 5.250 0.03440
 5.260 0.03439
 5.270 0.03438
 5.280 0.03437
 5.290 0.03436
 5.300 0.03434
 5.310 0.03433
 5.320 0.03431
 5.330 0.03429
 5.340 0.03427
 5.350 0.03425
 5.360 0.03422
 5.370 0.03420
 5.380 0.03417
 5.390 0.03414
 5.400 0.03412
 5.410 0.03410
 5.420 0.03407
 5.430 0.03405
 5.440 0.03404
 5.450 0.03402
 5.460 0.03401
 5.470 0.03400
 5.480 0.03400
 5.490 0.03399
 5.500 0.03399
 5.510 0.03399
 5.520 0.03400
 5.530 0.03400
 5.540 0.03400
 5.550 0.03401
 5.560 0.03402
 5.570 0.03402
 5.580 0.03403
 5.590 0.03403
 5.600 0.03404
