 0.000 -0.00478
 0.010 -0.00475
 0.020 -0.00474
 0.030 -0.00472
 0.040 -0.00472
 0.050 -0.00471
 0.060 -0.00471
 0.070 -0.00472
 0.080 -0.00472
 0.090 -0.00473
 0.100 -0.00474
 0.110 -0.00475
 0.120 -0.00476
 0.130 -0.00478
 0.140 -0.00479
 0.150 -0.00482
 0.160 -0.00484
 0.170 -0.00486
 0.180 -0.00489
 0.190 -0.00491
 0.200 -0.00493
 0.210 -0.00495
 0.220 -0.00496
 0.230 -0.00497
 0.240 -0.00498
 0.250 -0.00499
 0.260 -0.00499
 0.270 -0.00499
 0.280 -0.00498
 0.290 -0.00498
 0.300 -0.00497
 0.310 -0.00495
 0.320 -0.00494
 0.330 -0.00492
 0.340 -0.00490
 0.350 -0.00488
 0.360 -0.00485
 0.370 -0.00483
 0.380 -0.00480
 0.390 -0.00477
 0.400 -0.00475
 0.410 -0.00472
 0.420 -0.00469
 0.430 -0.00467
 0.440 -0.00465
 0.450 -0.00463
 0.460 -0.00461
 0.470 -0.00460
 0.480 -0.00459
 0.490 -0.00458
 0.500 -0.00458
 0.510 -0.00458
 0.520 -0.00458
 0.530 -0.00459
 0.540 -0.00460
 0.550 -0.00462
 0.560 -0.00463
 0.570 -0.00465
 0.580 -0.00467
 0.590 -0.00469
 0.600 -0.00471
 0.610 -0.00473
 0.620 -0.00476
 0.630 -0.00478
 0.640 -0.00480
 0.650 -0.00482
 0.660 -0.00484
 0.670 -0.00487
 0.680 -0.00489
 0.690 -0.00491
 0.700 -0.00493
 0.710 -0.00496
 0.720 -0.00498
 0.730 -0.00500
 0.740 -0.00503
 0.750 -0.00505
 0.760 -0.00507
 0.770 -0.00509
 0.780 -0.00511
 0.790 -0.00513
 0.800 -0.00514
 0.810 -0.00515
 0.820 -0.00516
 0.830 -0.00517
 0.840 -0.00517
 0.850 -0.00517
 0.860 -0.00517
 0.870 -0.00517
 0.880 -0.00516
 0.890 -0.00516
 0.900 -0.00515
 0.910 -0.00514
 0.920 -0.00513
 0.930 -0.00512
 0.940 -0.00511
 0.950 -0.00511
 0.960 -0.00511
 0.970 -0.00511
 0.980 -0.00512
 0.990 -0.00513
 1.000 -0.00514
 1.010 -0.00516
 1.020 -0.00519
 1.030 -0.00521
 1.040 -0.00525
 1.050 -0.00528
 1.060 -0.00532
 1.070 -0.00536
 1.080 -0.00541
 1.090 -0.00546
 1.100 -0.00550
 1.110 -0.00555
 1.120 -0.00560
 1.130 -0.00565
 1.140 -0.00570
 1.150 -0.00575
 1.160 -0.00580
 1.170 -0.00584
 1.180 -0.00589
 1.190 -0.00593
 1.200 -0.00598
 1.210 -0.00602
 1.220 -0.00606
 1.230 -0.00610
 1.240 -0.00613
 1.250 -0.00616
 1.260 -0.00619
 1.270 -0.00622
 1.280 -0.00624
 1.290 -0.00626
 1.300 -0.00628
 1.310 -0.00629
 1.320 -0.00630
 1.330 -0.00630
 1.340 -0.00631
 1.350 -0.00631
 1.360 -0.00631
 1.370 -0.00630
 1.380 -0.00630
 1.390 -0.00629
 1.400 -0.00628
 1.410 -0.00627
 1.420 -0.00625
 1.430 -0.00623
 1.440 -0.00621
 1.450 -0.00619
 1.460 -0.00617
 1.470 -0.00614
 1.480 -0.00612
 1.490 -0.00609
 1.500 -0.00606
 1.510 -0.00604
 1.520 -0.00602
 1.530 -0.00599
 1.540 -0.00598
 1.550 -0.00596
 1.560 -0.00594
 1.570 -0.00593
 1.580 -0.00592
 1.590 -0.00591
 1.600 -0.00590
 1.610 -0.00590
 1.620 -0.00589
 1.630 -0.00588
 1.640 -0.00588
 1.650 -0.00587
 1.660 -0.00586
 1.670 -0.00586
 1.680 -0.00586
 1.690 -0.00585
 1.700 -0.00585
 1.710 -0.00586
 1.720 -0.00586
 1.730 -0.00588
 1.740 -0.00589
 1.750 -0.00592
 1.760 -0.00594
 1.770 -0.00598
 1.780 -0.00601
 1.790 -0.00606
 1.800 -0.00610
 1.810 -0.00615
 1.820 -0.00621
 1.830 -0.00627
 1.840 -0.00633
 1.850 -0.00639
 1.860 -0.00645
 1.870 -0.00651
 1.880 -0.00658
 1.890 -0.00664
 1.900 -0.00669
 1.910 -0.00675
 1.920 -0.00679
 1.930 -0.00684
 1.940 -0.00688
 1.950 -0.00692
 1.960 -0.00695
 1.970 -0.00698
 1.980 -0.00701
 1.990 -0.00703
 2.000 -0.00705
 2.010 -0.00707
 2.020 -0.00709
 2.030 -0.00710
 2.040 -0.00712
 2.050 -0.00713
 2.060 -0.00715
 2.070 -0.00716
 2.080 -0.00718
 2.090 -0.00720
 2.100 -0.00722
 2.110 -0.00724
 2.120 -0.00726
 2.130 -0.00729
 2.140 -0.00732
 2.150 -0.00736
 2.160 -0.00739
 2.170 -0.00743
 2.180 -0.00747
 2.190 -0.00751
 2.200 -0.00756
 2.210 -0.00760
 2.220 -0.00764
 2.230 -0.00769
 2.240 -0.00774
 2.250 -0.00778
 2.260 -0.00783
 2.270 -0.00788
 2.280 -0.00793
 2.290 -0.00798
 2.300 -0.00804
 2.310 -0.00809
 2.320 -0.00816
 2.330 -0.00822
 2.340 -0.00829
 2.350 -0.00837
 2.360 -0.00844
 2.370 -0.00853
 2.380 -0.00861
 2.390 -0.00870
 2.400 -0.00879
 2.410 -0.00888
 2.420 -0.00897
 2.430 -0.00905
 2.440 -0.00914
 2.450 -0.00923
 2.460 -0.00931
 2.470 -0.00938
 2.480 -0.00945
 2.490 -0.00951
 2.500 -0.00957
 2.510 -0.00961
 2.520 -0.00965
 2.530 -0.00967
 2.540 -0.00969
 2.550 -0.00969
 2.560 -0.00969
 2.570 -0.00967
 2.580 -0.00964
 2.590 -0.00961
 2.600 -0.00956
 2.610 -0.00950
 2.620 -0.00944
 2.630 -0.00937
 2.640 -0.00929
 2.650 -0.00921
 2.660 -0.00912
 2.670 -0.00902
 2.680 -0.00892
 2.690 -0.00882
 2.700 -0.00871
 2.710 -0.00860
 2.720 -0.00849
 2.730 -0.00837
 2.740 -0.00825
 2.750 -0.00813
 2.760 -0.00801
 2.770 -0.00789
 2.780 -0.00776
 2.790 -0.00763
 2.800 -0.00751
 2.810 -0.00738
 2.820 -0.00725
 2.830 -0.00712
 2.840 -0.00699
 2.850 -0.00686
 2.860 -0.00674
 2.870 -0.00661
 2.880 -0.00650
 2.890 -0.00638
 2.900 -0.00627
 2.910 -0.00617
 2.920 -0.00608
 2.930 -0.00600
 2.940 -0.00594
 2.950 -0.00588
 2.960 -0.00584
 2.970 -0.00581
 2.980 -0.00579
 2.990 -0.00579
 3.000 -0.00580
 3.010 -0.00582
 3.020 -0.00586
 3.030 -0.00591
 3.040 -0.00598
 3.050 -0.00606
 3.060 -0.00615
 3.070 -0.00625
 3.080 -0.00636
 3.090 -0.00649
 3.100 -0.00662
 3.110 -0.00675
 3.120 -0.00690
 3.130 -0.00705
 3.140 -0.00720
 3.150 -0.00735
 3.160 -0.00751
 3.170 -0.00766
 3.180 -0.00780
 3.190 -0.00795
 3.200 -0.00809
 3.210 -0.00822
 3.220 -0.00834
 3.230 -0.00846
 3.240 -0.00856
 3.250 -0.00866
 3.260 -0.00875
 3.270 -0.00882
 3.280 -0.00889
 3.290 -0.00895
 3.300 -0.00900
 3.310 -0.00904
 3.320 -0.00908
 3.330 -0.00911
 3.340 -0.00913
 3.350 -0.00915
 3.360 -0.00916
 3.370 -0.00918
 3.380 -0.00918
 3.390 -0.00919
 3.400 -0.00919
 3.410 -0.00920
 3.420 -0.00920
 3.430 -0.00921
 3.440 -0.00922
 3.450 -0.00923
 3.460 -0.00925
 3.470 -0.00927
 3.480 -0.00929
 3.490 -0.00932
 3.500 -0.00935
 3.510 -0.00939
 3.520 -0.00944
 3.530 -0.00948
 3.540 -0.00953
 3.550 -0.00958
 3.560 -0.00963
 3.570 -0.00968
 3.580 -0.00972
 3.590 -0.00977
 3.600 -0.00981
 3.610 -0.00985
 3.620 -0.00988
 3.630 -0.00990
 3.640 -0.00992
 3.650 -0.00994
 3.660 -0.00995
 3.670 -0.00996
 3.680 -0.00996
 3.690 -0.00996
 3.700 -0.00996
 3.710 -0.00996
 3.720 -0.00995
 3.730 -0.00994
 3.740 -0.00993
 3.750 -0.00993
 3.760 -0.00992
 3.770 -0.00991
 3.780 -0.00990
 3.790 -0.00990
 3.800 -0.00989
 3.810 -0.00989
 3.820 -0.00989
 3.830 -0.00990
 3.840 -0.00991
 3.850 -0.00992
 3.860 -0.00993
 3.870 -0.00995
 3.880 -0.00997
 3.890 -0.00999
 3.900 -0.01002
 3.910 -0.01005
 3.920 -0.01008
 3.930 -0.01011
 3.940 -0.01014
 3.950 -0.01017
 3.960 -0.01021
 3.970 -0.01024
 3.980 -0.01028
 3.990 -0.01032
 4.000 -0.01036
 4.010 -0.01040
 4.020 -0.01044
 4.030 -0.01049
 4.040 -0.01053
 4.050 -0.01057
 4.060 -0.01062
 4.070 -0.01066
 4.080 -0.01070
 4.090 -0.01074
 4.100 -0.01078
 4.110 -0.01082
 4.120 -0.01087
 4.130 -0.01091
 4.140 -0.01095
 4.150 -0.01099
 4.160 -0.01103
 4.170 -0.01108
 4.180 -0.01112
 4.190 -0.01117
 4.200 -0.01121
 4.210 -0.01126
 4.220 -0.01130
 4.230 -0.01134
 4.240 -0.01138
 4.250 -0.01141
 4.260 -0.01144
 4.270 -0.01147
 4.280 -0.01150
 4.290 -0.01152
 4.300 -0.01154
 4.310 -0.01156
 4.320 -0.01157
 4.330 -0.01159
 4.340 -0.01160
 4.350 -0.01162
 4.360 -0.01163
 4.370 -0.01165
 4.380 -0.01166
 4.390 -0.01168
 4.400 -0.01170
 4.410 -0.01171
 4.420 -0.01173
 4.430 -0.01174
 4.440 -0.01176
 4.450 -0.01177
 4.460 -0.01178
 4.470 -0.01179
 4.480 -0.01180
 4.490 -0.01180
 4.500 -0.01180
 4.510 -0.01180
 4.520 -0.01180
 4.530 -0.01179
 4.540 -0.01179
 4.550 -0.01178
 4.560 -0.01178
 4.570 -0.01177
 4.580 -0.01177
 4.590 -0.01177
 4.600 -0.01176
 4.610 -0.01176
 4.620 -0.01176
 4.630 -0.01177
 4.640 -0.01177
 4.650 -0.01178
 4.660 -0.01178
 4.670 -0.01179
 4.680 -0.01181
 4.690 -0.01182
 4.700 -0.01185
 4.710 -0.01187
 4.720 -0.01190
 4.730 -0.01193
 4.740 -0.01196
 4.750 -0.01200
 4.760 -0.01204
 4.770 -0.01208
 4.780 -0.01212
 4.790 -0.01217
 4.800 -0.01221
 4.810 -0.01225
 4.820 -0.01229
 4.830 -0.01232
 4.840 -0.01236
 4.850 -0.01239
 4.860 -0.01241
 4.870 -0.01243
 4.880 -0.01245
 4.890 -0.01247
 4.900 -0.01248
 4.910 -0.01250
 4.920 -0.01251
 4.930 -0.01251
 4.940 -0.01252
 4.950 -0.01253
 4.960 -0.01253
 4.970 -0.01254
 4.980 -0.01254
 4.990 -0.01255
 5.000 -0.01255
 5.010 -0.01255
 5.020 -0.01256
 5.030 -0.01256
 5.040 -0.01257
 5.050 -0.01257
 5.060 -0.01258
 5.070 -0.01258
 5.080 -0.01259
 5.090 -0.01260
 5.100 -0.01261
 5.110 -0.01262
 5.120 -0.01263
 5.130 -0.01265
 5.140 -0.01266
 5.150 -0.01268
 5.160 -0.01269
 5.170 -0.01271
 5.180 -0.01272
 5.190 -0.01274
 5.200 -0.01275
 5.210 -0.01277
 5.220 -0.01278
 5.230 -0.01280
 5.240 -0.01281
 5.250 -0.01282
 5.260 -0.01284
 5.270 -0.01285
 5.280 -0.01287
 5.290 -0.01289
 5.300 -0.01291
 5.310 -0.01294
 5.320 -0.01297
 5.330 -0.01300
 5.340 -0.01304
 5.350 -0.01308
 5.360 -0.01313
 5.370 -0.01318
 5.380 -0.01323
 5.390 -0.01329
 5.400 -0.01335
 5.410 -0.01342
 5.420 -0.01349
 5.430 -0.01357
 5.440 -0.01366
 5.450 -0.01376
 5.460 -0.01386
 5.470 -0.01396
 5.480 -0.01408
 5.490 -0.01420
 5.500 -0.01432
 5.510 -0.01445
 5.520 -0.01458
 5.530 -0.01472
 5.540 -0.01485
 5.550 -0.01498
 5.560 -0.01512
 5.570 -0.01525
 5.580 -0.01537
 5.590 -0.01549
 5.600 -0.01561
