 0.000 -1.02668
 0.010 -1.02636
 0.020 -1.02593
 0.030 -1.02541
 0.040 -1.02482
 0.050 -1.02420
 0.060 -1.02355
 0.070 -1.02287
 0.080 -1.02213
 0.090 -1.02133
 0.100 -1.02041
 0.110 -1.01932
 0.120 -1.01802
 0.130 -1.01647
 0.140 -1.01463
 0.150 -1.01249
 0.160 -1.01005
 0.170 -1.00732
 0.180 -1.00433
 0.190 -1.00114
 0.200 -0.99778
 0.210 -0.99432
 0.220 -0.99081
 0.230 -0.98730
 0.240 -0.98385
 0.250 -0.98054
 0.260 -0.97743
 0.270 -0.97461
 0.280 -0.97212
 0.290 -0.97000
 0.300 -0.96824
 0.310 -0.96685
 0.320 -0.96580
 0.330 -0.96505
 0.340 -0.96455
 0.350 -0.96424
 0.360 -0.96404
 0.370 -0.96383
 0.380 -0.96349
 0.390 -0.96289
 0.400 -0.96189
 0.410 -0.96036
 0.420 -0.95812
 0.430 -0.95500
 0.440 -0.95085
 0.450 -0.94553
 0.460 -0.93894
 0.470 -0.93109
 0.480 -0.92203
 0.490 -0.91193
 0.500 -0.90107
 0.510 -0.88987
 0.520 -0.87887
 0.530 -0.86868
 0.540 -0.85991
 0.550 -0.85318
 0.560 -0.84905
 0.570 -0.84801
 0.580 -0.85047
 0.590 -0.85671
 0.600 -0.86690
 0.610 -0.88106
 0.620 -0.89907
 0.630 -0.92070
 0.640 -0.94555
 0.650 -0.97312
 0.660 -1.00276
 0.670 -1.03371
 0.680 -1.06521
 0.690 -1.09656
 0.700 -1.12717
 0.710 -1.15664
 0.720 -1.18471
 0.730 -1.21124
 0.740 -1.23622
 0.750 -1.25964
 0.760 -1.28156
 0.770 -1.30205
 0.780 -1.32116
 0.790 -1.33893
 0.800 -1.35536
 0.810 -1.37037
 0.820 -1.38385
 0.830 -1.39565
 0.840 -1.40557
 0.850 -1.41344
 0.860 -1.41912
 0.870 -1.42256
 0.880 -1.42384
 0.890 -1.42328
 0.900 -1.42137
 0.910 -1.41885
 0.920 -1.41656
 0.930 -1.41542
 0.940 -1.41621
 0.950 -1.41947
 0.960 -1.42523
 0.970 -1.43289
 0.980 -1.44111
 0.990 -1.44791
 1.000 -1.45103
 1.010 -1.44846
 1.020 -1.43898
 1.030 -1.42239
 1.040 -1.39953
 1.050 -1.37202
 1.060 -1.34183
 1.070 -1.31097
 1.080 -1.28112
 1.090 -1.25355
 1.100 -1.22906
 1.110 -1.20808
 1.120 -1.19073
 1.130 -1.17702
 1.140 -1.16683
 1.150 -1.16002
 1.160 -1.15643
 1.170 -1.15586
 1.180 -1.15807
 1.190 -1.16278
 1.200 -1.16964
 1.210 -1.17824
 1.220 -1.18813
 1.230 -1.19880
 1.240 -1.20973
 1.250 -1.22039
 1.260 -1.23029
 1.270 -1.23899
 1.280 -1.24616
 1.290 -1.25157
 1.300 -1.25513
 1.310 -1.25693
 1.320 -1.25721
 1.330 -1.25639
 1.340 -1.25499
 1.350 -1.25361
 1.360 -1.25283
 1.370 -1.25313
 1.380 -1.25484
 1.390 -1.25810
 1.400 -1.26286
 1.410 -1.26889
 1.420 -1.27581
 1.430 -1.28315
 1.440 -1.29041
 1.450 -1.29707
 1.460 -1.30265
 1.470 -1.30673
 1.480 -1.30900
 1.490 -1.30925
 1.500 -1.30736
 1.510 -1.30332
 1.520 -1.29721
 1.530 -1.28918
 1.540 -1.27944
 1.550 -1.26824
 1.560 -1.25581
 1.570 -1.24237
 1.580 -1.22812
 1.590 -1.21320
 1.600 -1.19772
 1.610 -1.18175
 1.620 -1.16534
 1.630 -1.14854
 1.640 -1.13136
 1.650 -1.11383
 1.660 -1.09598
 1.670 -1.07783
 1.680 -1.05940
 1.690 -1.04074
 1.700 -1.02191
 1.710 -1.00299
 1.720 -0.98408
 1.730 -0.96531
 1.740 -0.94677
 1.750 -0.92852
 1.760 -0.91063
 1.770 -0.89314
 1.780 -0.87608
 1.790 -0.85948
 1.800 -0.84339
 1.810 -0.82783
 1.820 -0.81286
 1.830 -0.79853
 1.840 -0.78489
 1.850 -0.77193
 1.860 -0.75963
 1.870 -0.74790
 1.880 -0.73664
 1.890 -0.72576
 1.900 -0.71519
 1.910 -0.70491
 1.920 -0.69496
 1.930 -0.68544
 1.940 -0.67652
 1.950 -0.66838
 1.960 -0.66125
 1.970 -0.65529
 1.980 -0.65068
 1.990 -0.64754
 2.000 -0.64596
 2.010 -0.64601
 2.020 -0.64773
 2.030 -0.65109
 2.040 -0.65604
 2.050 -0.66242
 2.060 -0.67003
 2.070 -0.67863
 2.080 -0.68797
 2.090 -0.69779
 2.100 -0.70784
 2.110 -0.71791
 2.120 -0.72784
 2.130 -0.73755
 2.140 -0.74704
 2.150 -0.75637
 2.160 -0.76570
 2.170 -0.77522
 2.180 -0.78518
 2.190 -0.79587
 2.200 -0.80756
 2.210 -0.82046
 2.220 -0.83471
 2.230 -0.85030
 2.240 -0.86710
 2.250 -0.88485
 2.260 -0.90321
 2.270 -0.92175
 2.280 -0.94001
 2.290 -0.95752
 2.300 -0.97386
 2.310 -0.98868
 2.320 -1.00180
 2.330 -1.01309
 2.340 -1.02256
 2.350 -1.03030
 2.360 -1.03646
 2.370 -1.04124
 2.380 -1.04488
 2.390 -1.04759
 2.400 -1.04961
 2.410 -1.05114
 2.420 -1.05235
 2.430 -1.05340
 2.440 -1.05436
 2.450 -1.05532
 2.460 -1.05632
 2.470 -1.05741
 2.480 -1.05860
 2.490 -1.05992
 2.500 -1.06138
 2.510 -1.06297
 2.520 -1.06471
 2.530 -1.06660
 2.540 -1.06863
 2.550 -1.07077
 2.560 -1.07300
 2.570 -1.07529
 2.580 -1.07762
 2.590 -1.07996
 2.600 -1.08230
 2.610 -1.08459
 2.620 -1.08679
 2.630 -1.08889
 2.640 -1.09086
 2.650 -1.09272
 2.660 -1.09446
 2.670 -1.09610
 2.680 -1.09762
 2.690 -1.09903
 2.700 -1.10032
 2.710 -1.10151
 2.720 -1.10257
 2.730 -1.10351
 2.740 -1.10432
 2.750 -1.10500
 2.760 -1.10554
 2.770 -1.10596
 2.780 -1.10623
 2.790 -1.10639
 2.800 -1.10644
 2.810 -1.10641
 2.820 -1.10633
 2.830 -1.10622
 2.840 -1.10609
 2.850 -1.10596
 2.860 -1.10585
 2.870 -1.10575
 2.880 -1.10567
 2.890 -1.10559
 2.900 -1.10551
 2.910 -1.10541
 2.920 -1.10527
 2.930 -1.10509
 2.940 -1.10485
 2.950 -1.10455
 2.960 -1.10419
 2.970 -1.10376
 2.980 -1.10324
 2.990 -1.10264
 3.000 -1.10194
 3.010 -1.10115
 3.020 -1.10027
 3.030 -1.09928
 3.040 -1.09820
 3.050 -1.09704
 3.060 -1.09580
 3.070 -1.09451
 3.080 -1.09319
 3.090 -1.09188
 3.100 -1.09062
 3.110 -1.08947
 3.120 -1.08845
 3.130 -1.08757
 3.140 -1.08683
 3.150 -1.08623
 3.160 -1.08575
 3.170 -1.08536
 3.180 -1.08506
 3.190 -1.08482
 3.200 -1.08462
 3.210 -1.08441
 3.220 -1.08412
 3.230 -1.08370
 3.240 -1.08308
 3.250 -1.08218
 3.260 -1.08092
 3.270 -1.07919
 3.280 -1.07690
 3.290 -1.07397
 3.300 -1.07032
 3.310 -1.06587
 3.320 -1.06054
 3.330 -1.05427
 3.340 -1.04700
 3.350 -1.03870
 3.360 -1.02937
 3.370 -1.01905
 3.380 -1.00787
 3.390 -0.99600
 3.400 -0.98365
 3.410 -0.97111
 3.420 -0.95863
 3.430 -0.94648
 3.440 -0.93485
 3.450 -0.92391
 3.460 -0.91376
 3.470 -0.90444
 3.480 -0.89593
 3.490 -0.88820
 3.500 -0.88117
 3.510 -0.87476
 3.520 -0.86887
 3.530 -0.86338
 3.540 -0.85811
 3.550 -0.85291
 3.560 -0.84760
 3.570 -0.84204
 3.580 -0.83612
 3.590 -0.82975
 3.600 -0.82287
 3.610 -0.81543
 3.620 -0.80742
 3.630 -0.79881
 3.640 -0.78965
 3.650 -0.77997
 3.660 -0.76985
 3.670 -0.75940
 3.680 -0.74872
 3.690 -0.73794
 3.700 -0.72717
 3.710 -0.71653
 3.720 -0.70617
 3.730 -0.69622
 3.740 -0.68683
 3.750 -0.67811
 3.760 -0.67017
 3.770 -0.66306
 3.780 -0.65681
 3.790 -0.65141
 3.800 -0.64684
 3.810 -0.64305
 3.820 -0.64003
 3.830 -0.63771
 3.840 -0.63606
 3.850 -0.63501
 3.860 -0.63449
 3.870 -0.63443
 3.880 -0.63478
 3.890 -0.63551
 3.900 -0.63658
 3.910 -0.63801
 3.920 -0.63980
 3.930 -0.64200
 3.940 -0.64464
 3.950 -0.64785
 3.960 -0.65174
 3.970 -0.65649
 3.980 -0.66227
 3.990 -0.66928
 4.000 -0.67766
 4.010 -0.68755
 4.020 -0.69904
 4.030 -0.71224
 4.040 -0.72720
 4.050 -0.74398
 4.060 -0.76257
 4.070 -0.78292
 4.080 -0.80489
 4.090 -0.82823
 4.100 -0.85259
 4.110 -0.87746
 4.120 -0.90230
 4.130 -0.92659
 4.140 -0.94983
 4.150 -0.97166
 4.160 -0.99181
 4.170 -1.01014
 4.180 -1.02658
 4.190 -1.04105
 4.200 -1.05351
 4.210 -1.06397
 4.220 -1.07247
 4.230 -1.07909
 4.240 -1.08397
 4.250 -1.08727
 4.260 -1.08920
 4.270 -1.09000
 4.280 -1.08993
 4.290 -1.08922
 4.300 -1.08804
 4.310 -1.08650
 4.320 -1.08458
 4.330 -1.08222
 4.340 -1.07923
 4.350 -1.07537
 4.360 -1.07037
 4.370 -1.06393
 4.380 -1.05582
 4.390 -1.04589
 4.400 -1.03414
 4.410 -1.02072
 4.420 -1.00596
 4.430 -0.99034
 4.440 -0.97441
 4.450 -0.95867
 4.460 -0.94342
 4.470 -0.92876
 4.480 -0.91464
 4.490 -0.90097
 4.500 -0.88776
 4.510 -0.87516
 4.520 -0.86352
 4.530 -0.85320
 4.540 -0.84456
 4.550 -0.83785
 4.560 -0.83320
 4.570 -0.83061
 4.580 -0.83004
 4.590 -0.83140
 4.600 -0.83461
 4.610 -0.83954
 4.620 -0.84605
 4.630 -0.85392
 4.640 -0.86294
 4.650 -0.87295
 4.660 -0.88388
 4.670 -0.89580
 4.680 -0.90879
 4.690 -0.92292
 4.700 -0.93815
 4.710 -0.95433
 4.720 -0.97116
 4.730 -0.98830
 4.740 -1.00537
 4.750 -1.02209
 4.760 -1.03827
 4.770 -1.05386
 4.780 -1.06888
 4.790 -1.08343
 4.800 -1.09761
 4.810 -1.11145
 4.820 -1.12493
 4.830 -1.13791
 4.840 -1.15019
 4.850 -1.16152
 4.860 -1.17158
 4.870 -1.18009
 4.880 -1.18677
 4.890 -1.19140
 4.900 -1.19383
 4.910 -1.19400
 4.920 -1.19195
 4.930 -1.18778
 4.940 -1.18162
 4.950 -1.17367
 4.960 -1.16411
 4.970 -1.15310
 4.980 -1.14077
 4.990 -1.12717
 5.000 -1.11227
 5.010 -1.09597
 5.020 -1.07811
 5.030 -1.05850
 5.040 -1.03695
 5.050 -1.01334
 5.060 -0.98762
 5.070 -0.95986
 5.080 -0.93026
 5.090 -0.89913
 5.100 -0.86692
 5.110 -0.83413
 5.120 -0.80134
 5.130 -0.76913
 5.140 -0.73814
 5.150 -0.70897
 5.160 -0.68226
 5.170 -0.65860
 5.180 -0.63852
 5.190 -0.62240
 5.200 -0.61044
 5.210 -0.60263
 5.220 -0.59875
 5.230 -0.59834
 5.240 -0.60083
 5.250 -0.60553
 5.260 -0.61177
 5.270 -0.61889
 5.280 -0.62634
 5.290 -0.63368
 5.300 -0.64060
 5.310 -0.64693
 5.320 -0.65262
 5.330 -0.65773
 5.340 -0.66241
 5.350 -0.66682
 5.360 -0.67115
 5.370 -0.67557
 5.380 -0.68024
 5.390 -0.68526
 5.400 -0.69074
 5.410 -0.69678
 5.420 -0.70350
 5.430 -0.71107
 5.440 -0.71968
 5.450 -0.72955
 5.460 -0.74090
 5.470 -0.75397
 5.480 -0.76891
 5.490 -0.78579
 5.500 -0.80452
 5.510 -0.82488
 5.520 -0.84646
 5.530 -0.86869
 5.540 -0.89088
 5.550 -0.91225
 5.560 -0.93206
 5.570 -0.94980
 5.580 -0.96514
 5.590 -0.97796
 5.600 -0.98830
 5.610 -0.99634
 5.620 -1.00233
 5.630 -1.00658
 5.640 -1.00939
 5.650 -1.01108
 5.660 -1.01190
 5.670 -1.01207
 5.680 -1.01179
 5.690 -1.01122
 5.700 -1.01048
 5.710 -1.00972
 5.720 -1.00905
 5.730 -1.00857
 5.740 -1.00836
 5.750 -1.00844
 5.760 -1.00884
 5.770 -1.00951
 5.780 -1.01042
 5.790 -1.01151
 5.800 -1.01272
 5.810 -1.01403
 5.820 -1.01545
 5.830 -1.01699
 5.840 -1.01869
 5.850 -1.02058
 5.860 -1.02267
 5.870 -1.02494
 5.880 -1.02740
 5.890 -1.03004
 5.900 -1.03283
 5.910 -1.03578
 5.920 -1.03887
 5.930 -1.04211
 5.940 -1.04550
 5.950 -1.04905
 5.960 -1.05275
 5.970 -1.05659
 5.980 -1.06058
 5.990 -1.06469
 6.000 -1.06889
 6.010 -1.07319
 6.020 -1.07755
 6.030 -1.08197
 6.040 -1.08642
 6.050 -1.09087
 6.060 -1.09529
 6.070 -1.09964
 6.080 -1.10390
 6.090 -1.10807
 6.100 -1.11214
 6.110 -1.11613
 6.120 -1.12004
 6.130 -1.12390
 6.140 -1.12770
 6.150 -1.13144
