 0.000 0.57146
 0.010 0.57091
 0.020 0.57022
 0.030 0.56941
 0.040 0.56848
 0.050 0.56745
 0.060 0.56634
 0.070 0.56517
 0.080 0.56396
 0.090 0.56274
 0.100 0.56152
 0.110 0.56034
 0.120 0.55920
 0.130 0.55814
 0.140 0.55717
 0.150 0.55633
 0.160 0.55563
 0.170 0.55511
 0.180 0.55481
 0.190 0.55476
 0.200 0.55503
 0.210 0.55565
 0.220 0.55670
 0.230 0.55824
 0.240 0.56036
 0.250 0.56312
 0.260 0.56661
 0.270 0.57092
 0.280 0.57613
 0.290 0.58231
 0.300 0.58952
 0.310 0.59783
 0.320 0.60726
 0.330 0.61783
 0.340 0.62954
 0.350 0.64237
 0.360 0.65627
 0.370 0.67120
 0.380 0.68706
 0.390 0.70378
 0.400 0.72122
 0.410 0.73927
 0.420 0.75777
 0.430 0.77656
 0.440 0.79547
 0.450 0.81430
 0.460 0.83283
 0.470 0.85084
 0.480 0.86808
 0.490 0.88430
 0.500 0.89924
 0.510 0.91266
 0.520 0.92429
 0.530 0.93391
 0.540 0.94129
 0.550 0.94625
 0.560 0.94863
 0.570 0.94829
 0.580 0.94516
 0.590 0.93919
 0.600 0.93039
 0.610 0.91883
 0.620 0.90466
 0.630 0.88806
 0.640 0.86924
 0.650 0.84847
 0.660 0.82601
 0.670 0.80214
 0.680 0.77716
 0.690 0.75135
 0.700 0.72498
 0.710 0.69834
 0.720 0.67169
 0.730 0.64527
 0.740 0.61929
 0.750 0.59395
 0.760 0.56939
 0.770 0.54572
 0.780 0.52300
 0.790 0.50129
 0.800 0.48060
 0.810 0.46096
 0.820 0.44237
 0.830 0.42485
 0.840 0.40842
 0.850 0.39310
 0.860 0.37892
 0.870 0.36588
 0.880 0.35401
 0.890 0.34331
 0.900 0.33374
 0.910 0.32527
 0.920 0.31783
 0.930 0.31133
 0.940 0.30565
 0.950 0.30066
 0.960 0.29623
 0.970 0.29221
 0.980 0.28849
 0.990 0.28495
 1.000 0.28154
 1.010 0.27819
 1.020 0.27490
 1.030 0.27169
 1.040 0.26859
 1.050 0.26569
 1.060 0.26305
 1.070 0.26077
 1.080 0.25894
 1.090 0.25764
 1.100 0.25693
 1.110 0.25684
 1.120 0.25736
 1.130 0.25843
 1.140 0.25997
 1.150 0.26185
 1.160 0.26393
 1.170 0.26607
 1.180 0.26813
 1.190 0.27002
 1.200 0.27167
 1.210 0.27305
 1.220 0.27417
 1.230 0.27503
 1.240 0.27568
 1.250 0.27615
 1.260 0.27646
 1.270 0.27667
 1.280 0.27679
 1.290 0.27687
 1.300 0.27691
 1.310 0.27695
 1.320 0.27698
 1.330 0.27697
 1.340 0.27689
 1.350 0.27668
 1.360 0.27628
 1.370 0.27563
 1.380 0.27468
 1.390 0.27341
 1.400 0.27181
 1.410 0.26990
 1.420 0.26772
 1.430 0.26529
 1.440 0.26265
 1.450 0.25985
 1.460 0.25691
 1.470 0.25387
 1.480 0.25077
 1.490 0.24765
 1.500 0.24459
 1.510 0.24165
 1.520 0.23890
 1.530 0.23644
 1.540 0.23434
 1.550 0.23268
 1.560 0.23155
 1.570 0.23101
 1.580 0.23115
 1.590 0.23202
 1.600 0.23364
 1.610 0.23605
 1.620 0.23924
 1.630 0.24319
 1.640 0.24788
 1.650 0.25325
 1.660 0.25926
 1.670 0.26586
 1.680 0.27301
 1.690 0.28066
 1.700 0.28882
 1.710 0.29747
 1.720 0.30663
 1.730 0.31631
 1.740 0.32652
 1.750 0.33725
 1.760 0.34849
 1.770 0.36019
 1.780 0.37230
 1.790 0.38476
 1.800 0.39748
 1.810 0.41041
 1.820 0.42348
 1.830 0.43661
 1.840 0.44976
 1.850 0.46287
 1.860 0.47590
 1.870 0.48880
 1.880 0.50156
 1.890 0.51414
 1.900 0.52653
 1.910 0.53872
 1.920 0.55071
 1.930 0.56249
 1.940 0.57408
 1.950 0.58548
 1.960 0.59669
 1.970 0.60773
 1.980 0.61860
 1.990 0.62931
 2.000 0.63987
 2.010 0.65028
 2.020 0.66055
 2.030 0.67067
 2.040 0.68061
 2.050 0.69036
 2.060 0.69988
 2.070 0.70913
 2.080 0.71807
 2.090 0.72665
 2.100 0.73483
 2.110 0.74256
 2.120 0.74982
 2.130 0.75658
 2.140 0.76282
 2.150 0.76854
 2.160 0.77374
 2.170 0.77842
 2.180 0.78258
 2.190 0.78626
 2.200 0.78945
 2.210 0.79217
 2.220 0.79441
 2.230 0.79619
 2.240 0.79750
 2.250 0.79833
 2.260 0.79867
 2.270 0.79850
 2.280 0.79781
 2.290 0.79658
 2.300 0.79480
 2.310 0.79249
 2.320 0.78965
 2.330 0.78633
 2.340 0.78258
 2.350 0.77846
 2.360 0.77405
 2.370 0.76943
 2.380 0.76469
 2.390 0.75990
 2.400 0.75516
 2.410 0.75054
 2.420 0.74611
 2.430 0.74193
 2.440 0.73806
 2.450 0.73454
 2.460 0.73139
 2.470 0.72862
 2.480 0.72622
 2.490 0.72417
 2.500 0.72243
 2.510 0.72096
 2.520 0.71970
 2.530 0.71861
 2.540 0.71764
 2.550 0.71674
 2.560 0.71586
 2.570 0.71497
 2.580 0.71404
 2.590 0.71304
 2.600 0.71196
 2.610 0.71079
 2.620 0.70952
 2.630 0.70817
 2.640 0.70675
 2.650 0.70527
 2.660 0.70376
 2.670 0.70225
 2.680 0.70074
 2.690 0.69924
 2.700 0.69776
 2.710 0.69629
 2.720 0.69482
 2.730 0.69333
 2.740 0.69179
 2.750 0.69020
 2.760 0.68852
 2.770 0.68677
 2.780 0.68492
 2.790 0.68298
 2.800 0.68098
 2.810 0.67891
 2.820 0.67680
 2.830 0.67467
 2.840 0.67255
 2.850 0.67045
 2.860 0.66839
 2.870 0.66641
 2.880 0.66451
 2.890 0.66271
 2.900 0.66103
 2.910 0.65948
 2.920 0.65806
 2.930 0.65677
 2.940 0.65564
 2.950 0.65465
 2.960 0.65382
 2.970 0.65314
 2.980 0.65264
 2.990 0.65232
 3.000 0.65220
 3.010 0.65229
 3.020 0.65261
 3.030 0.65317
 3.040 0.65400
 3.050 0.65511
 3.060 0.65651
 3.070 0.65819
 3.080 0.66015
 3.090 0.66238
 3.100 0.66485
 3.110 0.66751
 3.120 0.67031
 3.130 0.67322
 3.140 0.67616
 3.150 0.67910
 3.160 0.68198
 3.170 0.68480
 3.180 0.68753
 3.190 0.69018
 3.200 0.69279
 3.210 0.69537
 3.220 0.69799
 3.230 0.70067
 3.240 0.70345
 3.250 0.70635
 3.260 0.70935
 3.270 0.71245
 3.280 0.71562
 3.290 0.71881
 3.300 0.72200
 3.310 0.72513
 3.320 0.72814
 3.330 0.73097
 3.340 0.73355
 3.350 0.73584
 3.360 0.73775
 3.370 0.73924
 3.380 0.74026
 3.390 0.74076
 3.400 0.74071
 3.410 0.74007
 3.420 0.73882
 3.430 0.73694
 3.440 0.73440
 3.450 0.73121
 3.460 0.72737
 3.470 0.72290
 3.480 0.71782
 3.490 0.71217
 3.500 0.70599
 3.510 0.69933
 3.520 0.69226
 3.530 0.68482
 3.540 0.67710
 3.550 0.66915
 3.560 0.66106
 3.570 0.65291
 3.580 0.64476
 3.590 0.63670
 3.600 0.62879
 3.610 0.62111
 3.620 0.61374
 3.630 0.60675
 3.640 0.60021
 3.650 0.59419
 3.660 0.58876
 3.670 0.58396
 3.680 0.57987
 3.690 0.57653
 3.700 0.57400
 3.710 0.57231
 3.720 0.57149
 3.730 0.57158
 3.740 0.57258
 3.750 0.57450
 3.760 0.57735
 3.770 0.58113
 3.780 0.58585
 3.790 0.59152
 3.800 0.59813
 3.810 0.60569
 3.820 0.61419
 3.830 0.62359
 3.840 0.63382
 3.850 0.64481
 3.860 0.65642
 3.870 0.66851
 3.880 0.68087
 3.890 0.69330
 3.900 0.70559
 3.910 0.71752
 3.920 0.72887
 3.930 0.73942
 3.940 0.74897
 3.950 0.75734
 3.960 0.76433
 3.970 0.76981
 3.980 0.77364
 3.990 0.77573
 4.000 0.77600
 4.010 0.77445
 4.020 0.77105
 4.030 0.76585
 4.040 0.75890
 4.050 0.75028
 4.060 0.74009
 4.070 0.72845
 4.080 0.71546
 4.090 0.70125
 4.100 0.68594
 4.110 0.66965
 4.120 0.65251
 4.130 0.63465
 4.140 0.61621
 4.150 0.59737
 4.160 0.57832
 4.170 0.55926
 4.180 0.54043
 4.190 0.52206
 4.200 0.50435
 4.210 0.48751
 4.220 0.47169
 4.230 0.45701
 4.240 0.44352
 4.250 0.43123
 4.260 0.42008
 4.270 0.41000
 4.280 0.40086
 4.290 0.39253
 4.300 0.38488
 4.310 0.37776
 4.320 0.37108
 4.330 0.36473
 4.340 0.35867
 4.350 0.35287
 4.360 0.34733
 4.370 0.34207
 4.380 0.33711
 4.390 0.33250
 4.400 0.32827
 4.410 0.32443
 4.420 0.32099
 4.430 0.31798
 4.440 0.31539
 4.450 0.31324
 4.460 0.31154
 4.470 0.31031
 4.480 0.30955
 4.490 0.30924
 4.500 0.30934
 4.510 0.30981
 4.520 0.31058
 4.530 0.31158
 4.540 0.31275
 4.550 0.31400
 4.560 0.31527
 4.570 0.31648
 4.580 0.31757
 4.590 0.31847
 4.600 0.31913
 4.610 0.31950
 4.620 0.31953
 4.630 0.31917
 4.640 0.31839
 4.650 0.31718
 4.660 0.31552
 4.670 0.31347
 4.680 0.31105
 4.690 0.30834
 4.700 0.30541
 4.710 0.30236
 4.720 0.29926
 4.730 0.29622
 4.740 0.29334
 4.750 0.29070
 4.760 0.28837
 4.770 0.28643
 4.780 0.28493
 4.790 0.28390
 4.800 0.28337
 4.810 0.28331
 4.820 0.28373
 4.830 0.28457
 4.840 0.28581
 4.850 0.28739
 4.860 0.28927
 4.870 0.29142
 4.880 0.29379
 4.890 0.29637
 4.900 0.29914
 4.910 0.30210
 4.920 0.30524
 4.930 0.30860
 4.940 0.31218
 4.950 0.31604
 4.960 0.32019
 4.970 0.32469
 4.980 0.32959
 4.990 0.33493
 5.000 0.34076
 5.010 0.34708
 5.020 0.35391
 5.030 0.36122
 5.040 0.36898
 5.050 0.37713
 5.060 0.38562
 5.070 0.39437
 5.080 0.40331
 5.090 0.41239
 5.100 0.42153
 5.110 0.43069
 5.120 0.43983
 5.130 0.44891
 5.140 0.45791
 5.150 0.46685
 5.160 0.47573
 5.170 0.48457
 5.180 0.49342
 5.190 0.50233
 5.200 0.51135
 5.210 0.52056
 5.220 0.53005
 5.230 0.53989
 5.240 0.55017
 5.250 0.56098
 5.260 0.57239
 5.270 0.58446
 5.280 0.59725
 5.290 0.61077
 5.300 0.62504
 5.310 0.64004
 5.320 0.65574
 5.330 0.67208
 5.340 0.68899
 5.350 0.70636
 5.360 0.72406
 5.370 0.74195
 5.380 0.75986
 5.390 0.77761
 5.400 0.79504
 5.410 0.81194
 5.420 0.82816
 5.430 0.84351
 5.440 0.85785
 5.450 0.87102
 5.460 0.88289
 5.470 0.89333
 5.480 0.90224
 5.490 0.90955
 5.500 0.91519
 5.510 0.91914
 5.520 0.92140
 5.530 0.92200
 5.540 0.92098
 5.550 0.91845
 5.560 0.91449
 5.570 0.90924
 5.580 0.90285
 5.590 0.89550
 5.600 0.88736
 5.610 0.87863
 5.620 0.86948
 5.630 0.86008
 5.640 0.85059
 5.650 0.84117
 5.660 0.83192
 5.670 0.82295
 5.680 0.81434
 5.690 0.80617
 5.700 0.79847
 5.710 0.79128
 5.720 0.78460
 5.730 0.77842
 5.740 0.77272
 5.750 0.76745
 5.760 0.76256
 5.770 0.75797
 5.780 0.75361
 5.790 0.74941
 5.800 0.74527
 5.810 0.74113
 5.820 0.73692
 5.830 0.73260
 5.840 0.72814
 5.850 0.72351
 5.860 0.71873
 5.870 0.71379
 5.880 0.70875
 5.890 0.70362
 5.900 0.69847
 5.910 0.69335
 5.920 0.68834
 5.930 0.68350
 5.940 0.67891
 5.950 0.67464
 5.960 0.67075
 5.970 0.66731
 5.980 0.66436
 5.990 0.66194
 6.000 0.66009
 6.010 0.65880
 6.020 0.65805
 6.030 0.65780
 6.040 0.65800
 6.050 0.65856
 6.060 0.65939
 6.070 0.66036
 6.080 0.66136
 6.090 0.66227
 6.100 0.66297
 6.110 0.66338
 6.120 0.66342
 6.130 0.66306
 6.140 0.66229
 6.150 0.66114
