 0.000 1.09253
 0.010 1.04526
 0.020 1.04518
 0.030 1.04511
 0.040 1.04506
 0.050 1.04502
 0.060 1.04499
 0.070 1.04497
 0.080 1.04496
 0.090 1.04495
 0.100 1.04495
 0.110 1.04495
 0.120 1.04496
 0.130 1.04497
 0.140 1.04499
 0.150 1.04501
 0.160 1.04504
 0.170 1.04507
 0.180 1.04511
 0.190 1.04515
 0.200 1.04520
 0.210 1.04524
 0.220 1.04528
 0.230 1.04532
 0.240 1.04534
 0.250 1.04534
 0.260 1.04532
 0.270 1.04526
 0.280 1.04515
 0.290 1.04498
 0.300 1.04473
 0.310 1.04438
 0.320 1.04391
 0.330 1.04331
 0.340 1.04256
 0.350 1.04165
 0.360 1.04057
 0.370 1.03931
 0.380 1.03788
 0.390 1.03628
 0.400 1.03452
 0.410 1.03263
 0.420 1.03062
 0.430 1.02851
 0.440 1.02634
 0.450 1.02413
 0.460 1.02192
 0.470 1.01976
 0.480 1.01769
 0.490 1.01575
 0.500 1.01399
 0.510 1.01245
 0.520 1.01118
 0.530 1.01022
 0.540 1.00961
 0.550 1.00936
 0.560 1.00951
 0.570 1.01007
 0.580 1.01103
 0.590 1.01241
 0.600 1.01418
 0.610 1.01633
 0.620 1.01882
 0.630 1.02162
 0.640 1.02469
 0.650 1.02798
 0.660 1.03145
 0.670 1.03504
 0.680 1.03871
 0.690 1.04239
 0.700 1.04604
 0.710 1.04964
 0.720 1.05313
 0.730 1.05649
 0.740 1.05971
 0.750 1.06276
 0.760 1.06563
 0.770 1.06833
 0.780 1.07085
 0.790 1.07320
 0.800 1.07539
 0.810 1.07743
 0.820 1.07930
 0.830 1.08103
 0.840 1.08259
 0.850 1.08399
 0.860 1.08522
 0.870 1.08628
 0.880 1.08714
 0.890 1.08782
 0.900 1.08830
 0.910 1.08860
 0.920 1.08871
 0.930 1.08866
 0.940 1.08845
 0.950 1.08811
 0.960 1.08764
 0.970 1.08708
 0.980 1.08645
 0.990 1.08576
 1.000 1.08505
 1.010 1.08434
 1.020 1.08364
 1.030 1.08296
 1.040 1.08232
 1.050 1.08172
 1.060 1.08117
 1.070 1.08066
 1.080 1.08020
 1.090 1.07980
 1.100 1.07947
 1.110 1.07920
 1.120 1.07901
 1.130 1.07891
 1.140 1.07891
 1.150 1.07900
 1.160 1.07921
 1.170 1.07951
 1.180 1.07989
 1.190 1.08035
 1.200 1.08086
 1.210 1.08140
 1.220 1.08193
 1.230 1.08244
 1.240 1.08292
 1.250 1.08333
 1.260 1.08368
 1.270 1.08396
 1.280 1.08416
 1.290 1.08430
 1.300 1.08438
 1.310 1.08441
 1.320 1.08440
 1.330 1.08436
 1.340 1.08431
 1.350 1.08426
 1.360 1.08422
 1.370 1.08420
 1.380 1.08421
 1.390 1.08425
 1.400 1.08431
 1.410 1.08440
 1.420 1.08449
 1.430 1.08459
 1.440 1.08469
 1.450 1.08477
 1.460 1.08485
 1.470 1.08490
 1.480 1.08493
 1.490 1.08493
 1.500 1.08490
 1.510 1.08482
 1.520 1.08470
 1.530 1.08453
 1.540 1.08431
 1.550 1.08406
 1.560 1.08377
 1.570 1.08346
 1.580 1.08315
 1.590 1.08284
 1.600 1.08254
 1.610 1.08227
 1.620 1.08201
 1.630 1.08178
 1.640 1.08156
 1.650 1.08135
 1.660 1.08114
 1.670 1.08094
 1.680 1.08072
 1.690 1.08050
 1.700 1.08027
 1.710 1.08004
 1.720 1.07981
 1.730 1.07958
 1.740 1.07935
 1.750 1.07915
 1.760 1.07896
 1.770 1.07879
 1.780 1.07865
 1.790 1.07852
 1.800 1.07841
 1.810 1.07831
 1.820 1.07820
 1.830 1.07808
 1.840 1.07793
 1.850 1.07775
 1.860 1.07751
 1.870 1.07720
 1.880 1.07683
 1.890 1.07638
 1.900 1.07585
 1.910 1.07523
 1.920 1.07454
 1.930 1.07376
 1.940 1.07290
 1.950 1.07196
 1.960 1.07095
 1.970 1.06987
 1.980 1.06871
 1.990 1.06749
 2.000 1.06620
 2.010 1.06486
 2.020 1.06348
 2.030 1.06205
 2.040 1.06059
 2.050 1.05911
 2.060 1.05760
 2.070 1.05609
 2.080 1.05457
 2.090 1.05305
 2.100 1.05154
 2.110 1.05005
 2.120 1.04857
 2.130 1.04713
 2.140 1.04572
 2.150 1.04435
 2.160 1.04303
 2.170 1.04175
 2.180 1.04051
 2.190 1.03933
 2.200 1.03819
 2.210 1.03709
 2.220 1.03605
 2.230 1.03505
 2.240 1.03411
 2.250 1.03322
 2.260 1.03241
 2.270 1.03167
 2.280 1.03101
 2.290 1.03046
 2.300 1.03002
 2.310 1.02970
 2.320 1.02952
 2.330 1.02946
 2.340 1.02952
 2.350 1.02969
 2.360 1.02997
 2.370 1.03032
 2.380 1.03073
 2.390 1.03118
 2.400 1.03167
 2.410 1.03217
 2.420 1.03266
 2.430 1.03315
 2.440 1.03361
 2.450 1.03404
 2.460 1.03443
 2.470 1.03479
 2.480 1.03510
 2.490 1.03539
 2.500 1.03564
 2.510 1.03586
 2.520 1.03605
 2.530 1.03621
 2.540 1.03636
 2.550 1.03649
 2.560 1.03660
 2.570 1.03669
 2.580 1.03678
 2.590 1.03686
 2.600 1.03693
 2.610 1.03699
 2.620 1.03706
 2.630 1.03712
 2.640 1.03718
 2.650 1.03724
 2.660 1.03731
 2.670 1.03738
 2.680 1.03746
 2.690 1.03755
 2.700 1.03766
 2.710 1.03778
 2.720 1.03792
 2.730 1.03809
 2.740 1.03827
 2.750 1.03847
 2.760 1.03869
 2.770 1.03892
 2.780 1.03917
 2.790 1.03944
 2.800 1.03972
 2.810 1.04001
 2.820 1.04030
 2.830 1.04060
 2.840 1.04090
 2.850 1.04119
 2.860 1.04147
 2.870 1.04173
 2.880 1.04199
 2.890 1.04223
 2.900 1.04245
 2.910 1.04267
 2.920 1.04287
 2.930 1.04306
 2.940 1.04325
 2.950 1.04343
 2.960 1.04360
 2.970 1.04377
 2.980 1.04393
 2.990 1.04409
 3.000 1.04425
 3.010 1.04439
 3.020 1.04453
 3.030 1.04465
 3.040 1.04476
 3.050 1.04485
 3.060 1.04491
 3.070 1.04495
 3.080 1.04496
 3.090 1.04493
 3.100 1.04487
 3.110 1.04478
 3.120 1.04465
 3.130 1.04449
 3.140 1.04430
 3.150 1.04407
 3.160 1.04382
 3.170 1.04353
 3.180 1.04321
 3.190 1.04286
 3.200 1.04249
 3.210 1.04208
 3.220 1.04166
 3.230 1.04121
 3.240 1.04075
 3.250 1.04028
 3.260 1.03981
 3.270 1.03936
 3.280 1.03892
 3.290 1.03851
 3.300 1.03813
 3.310 1.03779
 3.320 1.03749
 3.330 1.03724
 3.340 1.03704
 3.350 1.03691
 3.360 1.03685
 3.370 1.03687
 3.380 1.03699
 3.390 1.03720
 3.400 1.03752
 3.410 1.03796
 3.420 1.03852
 3.430 1.03922
 3.440 1.04004
 3.450 1.04101
 3.460 1.04209
 3.470 1.04329
 3.480 1.04460
 3.490 1.04600
 3.500 1.04747
 3.510 1.04901
 3.520 1.05058
 3.530 1.05217
 3.540 1.05377
 3.550 1.05535
 3.560 1.05689
 3.570 1.05839
 3.580 1.05981
 3.590 1.06114
 3.600 1.06237
 3.610 1.06349
 3.620 1.06449
 3.630 1.06536
 3.640 1.06612
 3.650 1.06676
 3.660 1.06729
 3.670 1.06772
 3.680 1.06804
 3.690 1.06826
 3.700 1.06839
 3.710 1.06845
 3.720 1.06843
 3.730 1.06833
 3.740 1.06817
 3.750 1.06794
 3.760 1.06765
 3.770 1.06729
 3.780 1.06687
 3.790 1.06640
 3.800 1.06586
 3.810 1.06527
 3.820 1.06463
 3.830 1.06394
 3.840 1.06320
 3.850 1.06242
 3.860 1.06160
 3.870 1.06074
 3.880 1.05986
 3.890 1.05896
 3.900 1.05806
 3.910 1.05716
 3.920 1.05630
 3.930 1.05549
 3.940 1.05475
 3.950 1.05411
 3.960 1.05359
 3.970 1.05322
 3.980 1.05301
 3.990 1.05299
 4.000 1.05317
 4.010 1.05357
 4.020 1.05420
 4.030 1.05506
 4.040 1.05617
 4.050 1.05751
 4.060 1.05908
 4.070 1.06087
 4.080 1.06285
 4.090 1.06500
 4.100 1.06728
 4.110 1.06967
 4.120 1.07211
 4.130 1.07459
 4.140 1.07705
 4.150 1.07946
 4.160 1.08178
 4.170 1.08400
 4.180 1.08607
 4.190 1.08798
 4.200 1.08970
 4.210 1.09123
 4.220 1.09254
 4.230 1.09366
 4.240 1.09457
 4.250 1.09530
 4.260 1.09585
 4.270 1.09623
 4.280 1.09645
 4.290 1.09653
 4.300 1.09646
 4.310 1.09624
 4.320 1.09589
 4.330 1.09539
 4.340 1.09474
 4.350 1.09395
 4.360 1.09302
 4.370 1.09195
 4.380 1.09077
 4.390 1.08948
 4.400 1.08813
 4.410 1.08672
 4.420 1.08531
 4.430 1.08391
 4.440 1.08257
 4.450 1.08131
 4.460 1.08016
 4.470 1.07912
 4.480 1.07821
 4.490 1.07743
 4.500 1.07677
 4.510 1.07623
 4.520 1.07579
 4.530 1.07544
 4.540 1.07518
 4.550 1.07500
 4.560 1.07489
 4.570 1.07487
 4.580 1.07494
 4.590 1.07512
 4.600 1.07541
 4.610 1.07582
 4.620 1.07633
 4.630 1.07696
 4.640 1.07767
 4.650 1.07846
 4.660 1.07929
 4.670 1.08016
 4.680 1.08104
 4.690 1.08191
 4.700 1.08276
 4.710 1.08356
 4.720 1.08430
 4.730 1.08498
 4.740 1.08559
 4.750 1.08612
 4.760 1.08657
 4.770 1.08695
 4.780 1.08726
 4.790 1.08750
 4.800 1.08769
 4.810 1.08784
 4.820 1.08795
 4.830 1.08803
 4.840 1.08810
 4.850 1.08814
 4.860 1.08816
 4.870 1.08816
 4.880 1.08814
 4.890 1.08808
 4.900 1.08799
 4.910 1.08785
 4.920 1.08765
 4.930 1.08741
 4.940 1.08711
 4.950 1.08675
 4.960 1.08636
 4.970 1.08592
 4.980 1.08544
 4.990 1.08495
 5.000 1.08443
 5.010 1.08391
 5.020 1.08340
 5.030 1.08290
 5.040 1.08242
 5.050 1.08198
 5.060 1.08157
 5.070 1.08121
 5.080 1.08090
 5.090 1.08064
 5.100 1.08045
 5.110 1.08032
 5.120 1.08026
 5.130 1.08028
 5.140 1.08037
 5.150 1.08053
 5.160 1.08077
 5.170 1.08106
 5.180 1.08141
 5.190 1.08180
 5.200 1.08222
 5.210 1.08265
 5.220 1.08309
 5.230 1.08350
 5.240 1.08388
 5.250 1.08419
 5.260 1.08441
 5.270 1.08451
 5.280 1.08445
 5.290 1.08421
 5.300 1.08375
 5.310 1.08303
 5.320 1.08203
 5.330 1.08073
 5.340 1.07910
 5.350 1.07714
 5.360 1.07484
 5.370 1.07222
 5.380 1.06929
 5.390 1.06608
 5.400 1.06265
 5.410 1.05903
 5.420 1.05529
 5.430 1.05149
 5.440 1.04771
 5.450 1.04401
 5.460 1.04046
 5.470 1.03713
 5.480 1.03406
 5.490 1.03132
 5.500 1.02892
 5.510 1.02689
 5.520 1.02526
 5.530 1.02403
 5.540 1.02318
 5.550 1.02273
 5.560 1.02264
 5.570 1.02289
 5.580 1.02345
 5.590 1.02427
 5.600 1.02532
 5.610 1.02653
 5.620 1.02787
 5.630 1.02928
 5.640 1.03070
 5.650 1.03211
 5.660 1.03346
 5.670 1.03473
 5.680 1.03589
 5.690 1.03693
 5.700 1.03784
 5.710 1.03862
 5.720 1.03927
 5.730 1.03979
 5.740 1.04019
 5.750 1.04048
 5.760 1.04067
 5.770 1.04079
 5.780 1.04085
 5.790 1.04087
 5.800 1.04087
 5.810 1.04087
 5.820 1.04088
 5.830 1.04091
 5.840 1.04099
 5.850 1.04111
 5.860 1.04127
 5.870 1.04147
 5.880 1.04172
 5.890 1.04200
 5.900 1.04231
 5.910 1.04264
 5.920 1.04298
 5.930 1.04332
 5.940 1.04365
 5.950 1.04395
 5.960 1.04422
 5.970 1.04445
 5.980 1.04463
 5.990 1.04476
 6.000 1.04484
 6.010 1.04487
 6.020 1.04486
 6.030 1.04480
 6.040 1.04470
 6.050 1.04457
 6.060 1.04440
 6.070 1.04420
 6.080 1.04397
 6.090 1.04372
 6.100 1.04345
 6.110 1.04315
 6.120 1.04284
 6.130 1.04251
 6.140 1.04215
 6.150 1.04176
