 0.000 0.27230
 0.010 -0.38228
 0.020 -0.38236
 0.030 -0.38244
 0.040 -0.38252
 0.050 -0.38259
 0.060 -0.38265
 0.070 -0.38270
 0.080 -0.38275
 0.090 -0.38278
 0.100 -0.38280
 0.110 -0.38282
 0.120 -0.38282
 0.130 -0.38281
 0.140 -0.38278
 0.150 -0.38274
 0.160 -0.38268
 0.170 -0.38259
 0.180 -0.38248
 0.190 -0.38233
 0.200 -0.38216
 0.210 -0.38194
 0.220 -0.38169
 0.230 -0.38139
 0.240 -0.38104
 0.250 -0.38064
 0.260 -0.38018
 0.270 -0.37966
 0.280 -0.37907
 0.290 -0.37840
 0.300 -0.37765
 0.310 -0.37682
 0.320 -0.37588
 0.330 -0.37484
 0.340 -0.37368
 0.350 -0.37240
 0.360 -0.37099
 0.370 -0.36944
 0.380 -0.36773
 0.390 -0.36585
 0.400 -0.36380
 0.410 -0.36155
 0.420 -0.35910
 0.430 -0.35643
 0.440 -0.35352
 0.450 -0.35036
 0.460 -0.34695
 0.470 -0.34326
 0.480 -0.33929
 0.490 -0.33505
 0.500 -0.33052
 0.510 -0.32571
 0.520 -0.32062
 0.530 -0.31526
 0.540 -0.30965
 0.550 -0.30381
 0.560 -0.29776
 0.570 -0.29153
 0.580 -0.28516
 0.590 -0.27870
 0.600 -0.27218
 0.610 -0.26566
 0.620 -0.25918
 0.630 -0.25279
 0.640 -0.24653
 0.650 -0.24043
 0.660 -0.23454
 0.670 -0.22887
 0.680 -0.22345
 0.690 -0.21829
 0.700 -0.21339
 0.710 -0.20875
 0.720 -0.20436
 0.730 -0.20022
 0.740 -0.19629
 0.750 -0.19256
 0.760 -0.18902
 0.770 -0.18563
 0.780 -0.18237
 0.790 -0.17922
 0.800 -0.17617
 0.810 -0.17319
 0.820 -0.17026
 0.830 -0.16738
 0.840 -0.16453
 0.850 -0.16170
 0.860 -0.15890
 0.870 -0.15611
 0.880 -0.15335
 0.890 -0.15062
 0.900 -0.14792
 0.910 -0.14525
 0.920 -0.14262
 0.930 -0.14002
 0.940 -0.13747
 0.950 -0.13497
 0.960 -0.13251
 0.970 -0.13011
 0.980 -0.12776
 0.990 -0.12548
 1.000 -0.12325
 1.010 -0.12107
 1.020 -0.11895
 1.030 -0.11688
 1.040 -0.11486
 1.050 -0.11289
 1.060 -0.11097
 1.070 -0.10910
 1.080 -0.10729
 1.090 -0.10553
 1.100 -0.10384
 1.110 -0.10223
 1.120 -0.10070
 1.130 -0.09925
 1.140 -0.09792
 1.150 -0.09668
 1.160 -0.09556
 1.170 -0.09454
 1.180 -0.09362
 1.190 -0.09279
 1.200 -0.09204
 1.210 -0.09136
 1.220 -0.09072
 1.230 -0.09014
 1.240 -0.08958
 1.250 -0.08905
 1.260 -0.08855
 1.270 -0.08805
 1.280 -0.08755
 1.290 -0.08705
 1.300 -0.08653
 1.310 -0.08599
 1.320 -0.08544
 1.330 -0.08486
 1.340 -0.08427
 1.350 -0.08366
 1.360 -0.08305
 1.370 -0.08243
 1.380 -0.08182
 1.390 -0.08122
 1.400 -0.08063
 1.410 -0.08005
 1.420 -0.07950
 1.430 -0.07896
 1.440 -0.07845
 1.450 -0.07797
 1.460 -0.07752
 1.470 -0.07710
 1.480 -0.07670
 1.490 -0.07634
 1.500 -0.07600
 1.510 -0.07569
 1.520 -0.07541
 1.530 -0.07517
 1.540 -0.07496
 1.550 -0.07479
 1.560 -0.07466
 1.570 -0.07457
 1.580 -0.07450
 1.590 -0.07448
 1.600 -0.07448
 1.610 -0.07452
 1.620 -0.07459
 1.630 -0.07469
 1.640 -0.07483
 1.650 -0.07501
 1.660 -0.07524
 1.670 -0.07553
 1.680 -0.07588
 1.690 -0.07629
 1.700 -0.07678
 1.710 -0.07735
 1.720 -0.07802
 1.730 -0.07879
 1.740 -0.07967
 1.750 -0.08068
 1.760 -0.08181
 1.770 -0.08309
 1.780 -0.08451
 1.790 -0.08607
 1.800 -0.08780
 1.810 -0.08968
 1.820 -0.09173
 1.830 -0.09394
 1.840 -0.09632
 1.850 -0.09888
 1.860 -0.10160
 1.870 -0.10450
 1.880 -0.10758
 1.890 -0.11082
 1.900 -0.11422
 1.910 -0.11777
 1.920 -0.12147
 1.930 -0.12530
 1.940 -0.12925
 1.950 -0.13332
 1.960 -0.13750
 1.970 -0.14177
 1.980 -0.14612
 1.990 -0.15054
 2.000 -0.15504
 2.010 -0.15959
 2.020 -0.16420
 2.030 -0.16886
 2.040 -0.17356
 2.050 -0.17829
 2.060 -0.18306
 2.070 -0.18784
 2.080 -0.19262
 2.090 -0.19741
 2.100 -0.20218
 2.110 -0.20693
 2.120 -0.21165
 2.130 -0.21633
 2.140 -0.22097
 2.150 -0.22556
 2.160 -0.23010
 2.170 -0.23458
 2.180 -0.23899
 2.190 -0.24334
 2.200 -0.24762
 2.210 -0.25182
 2.220 -0.25594
 2.230 -0.25997
 2.240 -0.26391
 2.250 -0.26775
 2.260 -0.27148
 2.270 -0.27510
 2.280 -0.27860
 2.290 -0.28196
 2.300 -0.28520
 2.310 -0.28829
 2.320 -0.29124
 2.330 -0.29403
 2.340 -0.29668
 2.350 -0.29919
 2.360 -0.30154
 2.370 -0.30376
 2.380 -0.30584
 2.390 -0.30780
 2.400 -0.30963
 2.410 -0.31134
 2.420 -0.31294
 2.430 -0.31442
 2.440 -0.31580
 2.450 -0.31707
 2.460 -0.31824
 2.470 -0.31932
 2.480 -0.32030
 2.490 -0.32119
 2.500 -0.32200
 2.510 -0.32274
 2.520 -0.32340
 2.530 -0.32400
 2.540 -0.32454
 2.550 -0.32502
 2.560 -0.32546
 2.570 -0.32585
 2.580 -0.32619
 2.590 -0.32650
 2.600 -0.32678
 2.610 -0.32701
 2.620 -0.32721
 2.630 -0.32738
 2.640 -0.32751
 2.650 -0.32762
 2.660 -0.32769
 2.670 -0.32773
 2.680 -0.32776
 2.690 -0.32776
 2.700 -0.32774
 2.710 -0.32770
 2.720 -0.32765
 2.730 -0.32758
 2.740 -0.32750
 2.750 -0.32741
 2.760 -0.32730
 2.770 -0.32718
 2.780 -0.32705
 2.790 -0.32691
 2.800 -0.32677
 2.810 -0.32661
 2.820 -0.32645
 2.830 -0.32628
 2.840 -0.32611
 2.850 -0.32593
 2.860 -0.32575
 2.870 -0.32557
 2.880 -0.32537
 2.890 -0.32518
 2.900 -0.32497
 2.910 -0.32476
 2.920 -0.32455
 2.930 -0.32432
 2.940 -0.32409
 2.950 -0.32384
 2.960 -0.32358
 2.970 -0.32330
 2.980 -0.32300
 2.990 -0.32269
 3.000 -0.32235
 3.010 -0.32199
 3.020 -0.32159
 3.030 -0.32117
 3.040 -0.32070
 3.050 -0.32019
 3.060 -0.31963
 3.070 -0.31901
 3.080 -0.31834
 3.090 -0.31760
 3.100 -0.31680
 3.110 -0.31591
 3.120 -0.31495
 3.130 -0.31391
 3.140 -0.31277
 3.150 -0.31154
 3.160 -0.31022
 3.170 -0.30879
 3.180 -0.30725
 3.190 -0.30561
 3.200 -0.30385
 3.210 -0.30198
 3.220 -0.29999
 3.230 -0.29789
 3.240 -0.29566
 3.250 -0.29332
 3.260 -0.29085
 3.270 -0.28826
 3.280 -0.28553
 3.290 -0.28268
 3.300 -0.27970
 3.310 -0.27658
 3.320 -0.27333
 3.330 -0.26994
 3.340 -0.26642
 3.350 -0.26277
 3.360 -0.25901
 3.370 -0.25513
 3.380 -0.25114
 3.390 -0.24706
 3.400 -0.24290
 3.410 -0.23866
 3.420 -0.23436
 3.430 -0.23001
 3.440 -0.22561
 3.450 -0.22117
 3.460 -0.21671
 3.470 -0.21223
 3.480 -0.20774
 3.490 -0.20325
 3.500 -0.19876
 3.510 -0.19430
 3.520 -0.18987
 3.530 -0.18548
 3.540 -0.18114
 3.550 -0.17685
 3.560 -0.17263
 3.570 -0.16848
 3.580 -0.16439
 3.590 -0.16038
 3.600 -0.15644
 3.610 -0.15259
 3.620 -0.14881
 3.630 -0.14513
 3.640 -0.14154
 3.650 -0.13804
 3.660 -0.13465
 3.670 -0.13136
 3.680 -0.12817
 3.690 -0.12510
 3.700 -0.12214
 3.710 -0.11930
 3.720 -0.11658
 3.730 -0.11398
 3.740 -0.11149
 3.750 -0.10913
 3.760 -0.10688
 3.770 -0.10474
 3.780 -0.10271
 3.790 -0.10079
 3.800 -0.09896
 3.810 -0.09723
 3.820 -0.09558
 3.830 -0.09400
 3.840 -0.09249
 3.850 -0.09102
 3.860 -0.08959
 3.870 -0.08820
 3.880 -0.08683
 3.890 -0.08548
 3.900 -0.08416
 3.910 -0.08285
 3.920 -0.08157
 3.930 -0.08032
 3.940 -0.07909
 3.950 -0.07790
 3.960 -0.07673
 3.970 -0.07559
 3.980 -0.07448
 3.990 -0.07340
 4.000 -0.07235
 4.010 -0.07134
 4.020 -0.07037
 4.030 -0.06944
 4.040 -0.06857
 4.050 -0.06777
 4.060 -0.06705
 4.070 -0.06642
 4.080 -0.06590
 4.090 -0.06549
 4.100 -0.06521
 4.110 -0.06506
 4.120 -0.06504
 4.130 -0.06515
 4.140 -0.06537
 4.150 -0.06571
 4.160 -0.06615
 4.170 -0.06668
 4.180 -0.06730
 4.190 -0.06798
 4.200 -0.06873
 4.210 -0.06952
 4.220 -0.07035
 4.230 -0.07120
 4.240 -0.07206
 4.250 -0.07291
 4.260 -0.07373
 4.270 -0.07451
 4.280 -0.07523
 4.290 -0.07587
 4.300 -0.07640
 4.310 -0.07682
 4.320 -0.07711
 4.330 -0.07727
 4.340 -0.07729
 4.350 -0.07719
 4.360 -0.07697
 4.370 -0.07666
 4.380 -0.07628
 4.390 -0.07585
 4.400 -0.07540
 4.410 -0.07494
 4.420 -0.07451
 4.430 -0.07411
 4.440 -0.07377
 4.450 -0.07349
 4.460 -0.07328
 4.470 -0.07314
 4.480 -0.07309
 4.490 -0.07311
 4.500 -0.07320
 4.510 -0.07336
 4.520 -0.07359
 4.530 -0.07388
 4.540 -0.07422
 4.550 -0.07463
 4.560 -0.07510
 4.570 -0.07563
 4.580 -0.07625
 4.590 -0.07694
 4.600 -0.07771
 4.610 -0.07856
 4.620 -0.07948
 4.630 -0.08048
 4.640 -0.08152
 4.650 -0.08261
 4.660 -0.08371
 4.670 -0.08482
 4.680 -0.08592
 4.690 -0.08700
 4.700 -0.08804
 4.710 -0.08902
 4.720 -0.08995
 4.730 -0.09080
 4.740 -0.09157
 4.750 -0.09226
 4.760 -0.09285
 4.770 -0.09334
 4.780 -0.09375
 4.790 -0.09407
 4.800 -0.09432
 4.810 -0.09451
 4.820 -0.09466
 4.830 -0.09476
 4.840 -0.09484
 4.850 -0.09491
 4.860 -0.09497
 4.870 -0.09503
 4.880 -0.09510
 4.890 -0.09517
 4.900 -0.09525
 4.910 -0.09533
 4.920 -0.09542
 4.930 -0.09551
 4.940 -0.09560
 4.950 -0.09569
 4.960 -0.09578
 4.970 -0.09585
 4.980 -0.09593
 4.990 -0.09600
 5.000 -0.09608
 5.010 -0.09617
 5.020 -0.09629
 5.030 -0.09644
 5.040 -0.09665
 5.050 -0.09693
 5.060 -0.09730
 5.070 -0.09776
 5.080 -0.09834
 5.090 -0.09904
 5.100 -0.09988
 5.110 -0.10087
 5.120 -0.10200
 5.130 -0.10327
 5.140 -0.10470
 5.150 -0.10628
 5.160 -0.10800
 5.170 -0.10987
 5.180 -0.11190
 5.190 -0.11407
 5.200 -0.11640
 5.210 -0.11888
 5.220 -0.12151
 5.230 -0.12429
 5.240 -0.12722
 5.250 -0.13029
 5.260 -0.13349
 5.270 -0.13684
 5.280 -0.14033
 5.290 -0.14395
 5.300 -0.14772
 5.310 -0.15162
 5.320 -0.15566
 5.330 -0.15984
 5.340 -0.16414
 5.350 -0.16857
 5.360 -0.17312
 5.370 -0.17777
 5.380 -0.18253
 5.390 -0.18736
 5.400 -0.19225
 5.410 -0.19718
 5.420 -0.20212
 5.430 -0.20705
 5.440 -0.21194
 5.450 -0.21676
 5.460 -0.22149
 5.470 -0.22610
 5.480 -0.23057
 5.490 -0.23488
 5.500 -0.23902
 5.510 -0.24298
 5.520 -0.24675
 5.530 -0.25033
 5.540 -0.25373
 5.550 -0.25695
 5.560 -0.25999
 5.570 -0.26288
 5.580 -0.26563
 5.590 -0.26824
 5.600 -0.27073
 5.610 -0.27312
 5.620 -0.27542
 5.630 -0.27763
 5.640 -0.27976
 5.650 -0.28181
 5.660 -0.28379
 5.670 -0.28569
 5.680 -0.28751
 5.690 -0.28924
 5.700 -0.29089
 5.710 -0.29245
 5.720 -0.29393
 5.730 -0.29531
 5.740 -0.29661
 5.750 -0.29783
 5.760 -0.29896
 5.770 -0.30002
 5.780 -0.30100
 5.790 -0.30191
 5.800 -0.30276
 5.810 -0.30354
 5.820 -0.30426
 5.830 -0.30491
 5.840 -0.30551
 5.850 -0.30605
 5.860 -0.30653
 5.870 -0.30696
 5.880 -0.30733
 5.890 -0.30765
 5.900 -0.30793
 5.910 -0.30817
 5.920 -0.30838
 5.930 -0.30855
 5.940 -0.30870
 5.950 -0.30883
 5.960 -0.30894
 5.970 -0.30904
 5.980 -0.30912
 5.990 -0.30919
 6.000 -0.30924
 6.010 -0.30927
 6.020 -0.30929
 6.030 -0.30927
 6.040 -0.30921
 6.050 -0.30910
 6.060 -0.30892
 6.070 -0.30868
 6.080 -0.30834
 6.090 -0.30790
 6.100 -0.30734
 6.110 -0.30666
 6.120 -0.30583
 6.130 -0.30485
 6.140 -0.30371
 6.150 -0.30241
