 0.000 0.40286
 0.010 0.40290
 0.020 0.40292
 0.030 0.40293
 0.040 0.40289
 0.050 0.40282
 0.060 0.40269
 0.070 0.40252
 0.080 0.40229
 0.090 0.40203
 0.100 0.40174
 0.110 0.40144
 0.120 0.40114
 0.130 0.40085
 0.140 0.40060
 0.150 0.40040
 0.160 0.40027
 0.170 0.40021
 0.180 0.40024
 0.190 0.40036
 0.200 0.40057
 0.210 0.40088
 0.220 0.40130
 0.230 0.40182
 0.240 0.40247
 0.250 0.40325
 0.260 0.40420
 0.270 0.40536
 0.280 0.40678
 0.290 0.40849
 0.300 0.41055
 0.310 0.41301
 0.320 0.41591
 0.330 0.41928
 0.340 0.42318
 0.350 0.42762
 0.360 0.43263
 0.370 0.43825
 0.380 0.44449
 0.390 0.45136
 0.400 0.45886
 0.410 0.46698
 0.420 0.47568
 0.430 0.48492
 0.440 0.49462
 0.450 0.50469
 0.460 0.51504
 0.470 0.52555
 0.480 0.53610
 0.490 0.54657
 0.500 0.55683
 0.510 0.56673
 0.520 0.57611
 0.530 0.58479
 0.540 0.59255
 0.550 0.59910
 0.560 0.60411
 0.570 0.60719
 0.580 0.60785
 0.590 0.60558
 0.600 0.59980
 0.610 0.58995
 0.620 0.57545
 0.630 0.55581
 0.640 0.53061
 0.650 0.49952
 0.660 0.46235
 0.670 0.41901
 0.680 0.36954
 0.690 0.31412
 0.700 0.25297
 0.710 0.18644
 0.720 0.11491
 0.730 0.03883
 0.740 -0.04131
 0.750 -0.12500
 0.760 -0.21165
 0.770 -0.30064
 0.780 -0.39134
 0.790 -0.48308
 0.800 -0.57525
 0.810 -0.66720
 0.820 -0.75836
 0.830 -0.84815
 0.840 -0.93607
 0.850 -1.02160
 0.860 -1.10426
 0.870 -1.18359
 0.880 -1.25914
 0.890 -1.33048
 0.900 -1.39720
 0.910 -1.45891
 0.920 -1.51530
 0.930 -1.56608
 0.940 -1.61102
 0.950 -1.64996
 0.960 -1.68284
 0.970 -1.70967
 0.980 -1.73054
 0.990 -1.74565
 1.000 -1.75533
 1.010 -1.76001
 1.020 -1.76028
 1.030 -1.75685
 1.040 -1.75053
 1.050 -1.74219
 1.060 -1.73265
 1.070 -1.72266
 1.080 -1.71276
 1.090 -1.70326
 1.100 -1.69422
 1.110 -1.68554
 1.120 -1.67700
 1.130 -1.66835
 1.140 -1.65936
 1.150 -1.64986
 1.160 -1.63976
 1.170 -1.62908
 1.180 -1.61789
 1.190 -1.60634
 1.200 -1.59459
 1.210 -1.58278
 1.220 -1.57105
 1.230 -1.55945
 1.240 -1.54798
 1.250 -1.53655
 1.260 -1.52505
 1.270 -1.51329
 1.280 -1.50108
 1.290 -1.48816
 1.300 -1.47430
 1.310 -1.45923
 1.320 -1.44273
 1.330 -1.42461
 1.340 -1.40473
 1.350 -1.38298
 1.360 -1.35933
 1.370 -1.33381
 1.380 -1.30645
 1.390 -1.27735
 1.400 -1.24663
 1.410 -1.21439
 1.420 -1.18076
 1.430 -1.14585
 1.440 -1.10973
 1.450 -1.07250
 1.460 -1.03422
 1.470 -0.99496
 1.480 -0.95476
 1.490 -0.91369
 1.500 -0.87180
 1.510 -0.82915
 1.520 -0.78579
 1.530 -0.74178
 1.540 -0.69715
 1.550 -0.65194
 1.560 -0.60619
 1.570 -0.55993
 1.580 -0.51324
 1.590 -0.46621
 1.600 -0.41896
 1.610 -0.37162
 1.620 -0.32437
 1.630 -0.27735
 1.640 -0.23073
 1.650 -0.18465
 1.660 -0.13926
 1.670 -0.09470
 1.680 -0.05107
 1.690 -0.00852
 1.700 0.03284
 1.710 0.07288
 1.720 0.11145
 1.730 0.14839
 1.740 0.18357
 1.750 0.21685
 1.760 0.24809
 1.770 0.27722
 1.780 0.30416
 1.790 0.32887
 1.800 0.35133
 1.810 0.37154
 1.820 0.38951
 1.830 0.40524
 1.840 0.41877
 1.850 0.43015
 1.860 0.43945
 1.870 0.44680
 1.880 0.45234
 1.890 0.45624
 1.900 0.45869
 1.910 0.45991
 1.920 0.46010
 1.930 0.45950
 1.940 0.45831
 1.950 0.45675
 1.960 0.45499
 1.970 0.45317
 1.980 0.45140
 1.990 0.44977
 2.000 0.44830
 2.010 0.44702
 2.020 0.44590
 2.030 0.44492
 2.040 0.44403
 2.050 0.44321
 2.060 0.44239
 2.070 0.44153
 2.080 0.44058
 2.090 0.43947
 2.100 0.43816
 2.110 0.43659
 2.120 0.43473
 2.130 0.43254
 2.140 0.43001
 2.150 0.42716
 2.160 0.42399
 2.170 0.42055
 2.180 0.41687
 2.190 0.41301
 2.200 0.40902
 2.210 0.40496
 2.220 0.40089
 2.230 0.39689
 2.240 0.39302
 2.250 0.38937
 2.260 0.38601
 2.270 0.38302
 2.280 0.38046
 2.290 0.37839
 2.300 0.37683
 2.310 0.37580
 2.320 0.37528
 2.330 0.37524
 2.340 0.37560
 2.350 0.37632
 2.360 0.37730
 2.370 0.37850
 2.380 0.37984
 2.390 0.38128
 2.400 0.38277
 2.410 0.38426
 2.420 0.38573
 2.430 0.38715
 2.440 0.38850
 2.450 0.38978
 2.460 0.39101
 2.470 0.39219
 2.480 0.39332
 2.490 0.39444
 2.500 0.39553
 2.510 0.39663
 2.520 0.39773
 2.530 0.39885
 2.540 0.39997
 2.550 0.40111
 2.560 0.40225
 2.570 0.40338
 2.580 0.40449
 2.590 0.40557
 2.600 0.40660
 2.610 0.40755
 2.620 0.40841
 2.630 0.40917
 2.640 0.40980
 2.650 0.41027
 2.660 0.41055
 2.670 0.41063
 2.680 0.41049
 2.690 0.41014
 2.700 0.40959
 2.710 0.40886
 2.720 0.40798
 2.730 0.40697
 2.740 0.40586
 2.750 0.40470
 2.760 0.40350
 2.770 0.40229
 2.780 0.40108
 2.790 0.39989
 2.800 0.39872
 2.810 0.39756
 2.820 0.39642
 2.830 0.39527
 2.840 0.39412
 2.850 0.39294
 2.860 0.39172
 2.870 0.39045
 2.880 0.38912
 2.890 0.38773
 2.900 0.38627
 2.910 0.38475
 2.920 0.38317
 2.930 0.38152
 2.940 0.37983
 2.950 0.37808
 2.960 0.37629
 2.970 0.37446
 2.980 0.37258
 2.990 0.37067
 3.000 0.36872
 3.010 0.36674
 3.020 0.36474
 3.030 0.36273
 3.040 0.36073
 3.050 0.35876
 3.060 0.35684
 3.070 0.35500
 3.080 0.35325
 3.090 0.35161
 3.100 0.35009
 3.110 0.34872
 3.120 0.34749
 3.130 0.34641
 3.140 0.34548
 3.150 0.34471
 3.160 0.34407
 3.170 0.34355
 3.180 0.34313
 3.190 0.34278
 3.200 0.34247
 3.210 0.34218
 3.220 0.34185
 3.230 0.34148
 3.240 0.34102
 3.250 0.34047
 3.260 0.33980
 3.270 0.33903
 3.280 0.33816
 3.290 0.33722
 3.300 0.33623
 3.310 0.33525
 3.320 0.33432
 3.330 0.33350
 3.340 0.33285
 3.350 0.33243
 3.360 0.33228
 3.370 0.33246
 3.380 0.33298
 3.390 0.33388
 3.400 0.33517
 3.410 0.33683
 3.420 0.33885
 3.430 0.34118
 3.440 0.34378
 3.450 0.34659
 3.460 0.34956
 3.470 0.35265
 3.480 0.35580
 3.490 0.35898
 3.500 0.36215
 3.510 0.36527
 3.520 0.36832
 3.530 0.37131
 3.540 0.37424
 3.550 0.37711
 3.560 0.37994
 3.570 0.38274
 3.580 0.38551
 3.590 0.38827
 3.600 0.39101
 3.610 0.39375
 3.620 0.39649
 3.630 0.39927
 3.640 0.40209
 3.650 0.40498
 3.660 0.40793
 3.670 0.41096
 3.680 0.41403
 3.690 0.41712
 3.700 0.42021
 3.710 0.42323
 3.720 0.42615
 3.730 0.42890
 3.740 0.43146
 3.750 0.43378
 3.760 0.43584
 3.770 0.43764
 3.780 0.43917
 3.790 0.44044
 3.800 0.44146
 3.810 0.44224
 3.820 0.44282
 3.830 0.44325
 3.840 0.44361
 3.850 0.44400
 3.860 0.44456
 3.870 0.44545
 3.880 0.44684
 3.890 0.44892
 3.900 0.45187
 3.910 0.45587
 3.920 0.46104
 3.930 0.46747
 3.940 0.47517
 3.950 0.48405
 3.960 0.49394
 3.970 0.50455
 3.980 0.51551
 3.990 0.52637
 4.000 0.53664
 4.010 0.54578
 4.020 0.55326
 4.030 0.55852
 4.040 0.56100
 4.050 0.56020
 4.060 0.55559
 4.070 0.54673
 4.080 0.53320
 4.090 0.51469
 4.100 0.49095
 4.110 0.46183
 4.120 0.42724
 4.130 0.38713
 4.140 0.34150
 4.150 0.29036
 4.160 0.23375
 4.170 0.17171
 4.180 0.10433
 4.190 0.03175
 4.200 -0.04585
 4.210 -0.12818
 4.220 -0.21486
 4.230 -0.30537
 4.240 -0.39908
 4.250 -0.49522
 4.260 -0.59294
 4.270 -0.69136
 4.280 -0.78960
 4.290 -0.88681
 4.300 -0.98224
 4.310 -1.07523
 4.320 -1.16521
 4.330 -1.25170
 4.340 -1.33427
 4.350 -1.41251
 4.360 -1.48606
 4.370 -1.55455
 4.380 -1.61760
 4.390 -1.67486
 4.400 -1.72603
 4.410 -1.77084
 4.420 -1.80908
 4.430 -1.84068
 4.440 -1.86567
 4.450 -1.88421
 4.460 -1.89668
 4.470 -1.90358
 4.480 -1.90565
 4.490 -1.90374
 4.500 -1.89884
 4.510 -1.89197
 4.520 -1.88407
 4.530 -1.87590
 4.540 -1.86802
 4.550 -1.86069
 4.560 -1.85391
 4.570 -1.84751
 4.580 -1.84117
 4.590 -1.83453
 4.600 -1.82722
 4.610 -1.81894
 4.620 -1.80945
 4.630 -1.79862
 4.640 -1.78642
 4.650 -1.77290
 4.660 -1.75818
 4.670 -1.74242
 4.680 -1.72577
 4.690 -1.70836
 4.700 -1.69030
 4.710 -1.67167
 4.720 -1.65246
 4.730 -1.63263
 4.740 -1.61205
 4.750 -1.59054
 4.760 -1.56789
 4.770 -1.54385
 4.780 -1.51815
 4.790 -1.49053
 4.800 -1.46075
 4.810 -1.42858
 4.820 -1.39383
 4.830 -1.35635
 4.840 -1.31604
 4.850 -1.27287
 4.860 -1.22683
 4.870 -1.17797
 4.880 -1.12638
 4.890 -1.07218
 4.900 -1.01555
 4.910 -0.95668
 4.920 -0.89580
 4.930 -0.83314
 4.940 -0.76897
 4.950 -0.70356
 4.960 -0.63716
 4.970 -0.57005
 4.980 -0.50253
 4.990 -0.43487
 5.000 -0.36739
 5.010 -0.30039
 5.020 -0.23417
 5.030 -0.16904
 5.040 -0.10530
 5.050 -0.04324
 5.060 0.01686
 5.070 0.07474
 5.080 0.13016
 5.090 0.18292
 5.100 0.23284
 5.110 0.27975
 5.120 0.32352
 5.130 0.36401
 5.140 0.40114
 5.150 0.43481
 5.160 0.46498
 5.170 0.49159
 5.180 0.51463
 5.190 0.53412
 5.200 0.55012
 5.210 0.56273
 5.220 0.57209
 5.230 0.57837
 5.240 0.58180
 5.250 0.58261
 5.260 0.58110
 5.270 0.57755
 5.280 0.57230
 5.290 0.56566
 5.300 0.55796
 5.310 0.54951
 5.320 0.54062
 5.330 0.53155
 5.340 0.52255
 5.350 0.51380
 5.360 0.50548
 5.370 0.49768
 5.380 0.49048
 5.390 0.48390
 5.400 0.47793
 5.410 0.47250
 5.420 0.46756
 5.430 0.46300
 5.440 0.45871
 5.450 0.45456
 5.460 0.45045
 5.470 0.44628
 5.480 0.44198
 5.490 0.43752
 5.500 0.43290
 5.510 0.42814
 5.520 0.42328
 5.530 0.41836
 5.540 0.41347
 5.550 0.40865
 5.560 0.40395
 5.570 0.39941
 5.580 0.39503
 5.590 0.39080
 5.600 0.38671
 5.610 0.38277
 5.620 0.37898
 5.630 0.37539
 5.640 0.37203
 5.650 0.36896
 5.660 0.36621
 5.670 0.36385
 5.680 0.36190
 5.690 0.36039
 5.700 0.35931
 5.710 0.35865
 5.720 0.35838
 5.730 0.35845
 5.740 0.35881
 5.750 0.35940
 5.760 0.36019
 5.770 0.36111
 5.780 0.36212
 5.790 0.36318
 5.800 0.36426
 5.810 0.36531
 5.820 0.36631
 5.830 0.36723
 5.840 0.36805
 5.850 0.36876
 5.860 0.36937
 5.870 0.36986
 5.880 0.37026
 5.890 0.37056
 5.900 0.37078
 5.910 0.37091
 5.920 0.37098
 5.930 0.37097
 5.940 0.37088
 5.950 0.37073
 5.960 0.37051
 5.970 0.37023
 5.980 0.36990
 5.990 0.36951
 6.000 0.36905
 6.010 0.36855
 6.020 0.36800
 6.030 0.36742
 6.040 0.36681
 6.050 0.36616
 6.060 0.36548
 6.070 0.36476
 6.080 0.36401
 6.090 0.36323
 6.100 0.36243
 6.110 0.36162
 6.120 0.36081
 6.130 0.36001
 6.140 0.35924
 6.150 0.35852
