14.0000 13.0000 0.0000 0.0000 0.0000 0.0000 0.0000 0.0000 16.0000 0.0000 0.0000 0.0000 3.0000
-0.1601 -0.1602 4.4198 -64.8607 -5.5939 0.1151 4.4550 0.0860
-0.1319 1.3463 5.1153 -64.8148 -5.6114 -0.0165 0.8800 0.0083
-0.0791 1.2526 1.1394 -64.8232 -5.6094 0.0592 1.5400 0.0070
-0.3706 1.3458 4.1397 -64.8325 -5.5943 -0.0474 0.8800 0.0082
-0.3590 1.2412 0.7318 -64.8447 -5.5817 0.1272 1.5400 0.0066
0.2723 1.2625 4.6944 -64.7633 -5.6098 0.0711 27.3350 0.0000
-0.0593 0.7934 5.3408 -64.6582 -5.5654 0.3079 5.5000 0.0903
0.0273 0.4284 4.7636 -64.7478 -5.5351 -0.6187 2.5575 0.0355
0.0894 0.1908 5.9903 -64.8553 -5.5500 -0.1950 0.7975 0.0018
0.1804 0.1755 0.0008 -64.8578 -5.5569 0.0636 0.3300 0.0000
-0.3937 0.8072 4.2925 -64.7711 -5.5879 -0.2125 5.5000 0.0916
-0.4726 0.4167 4.3894 -64.8153 -5.5691 -0.0577 2.5575 0.0349
-0.5308 0.1944 5.4152 -64.8284 -5.5657 -0.0671 0.7975 0.0018
-0.4892 0.1775 6.1789 -64.8295 -5.5667 -0.0054 0.3300 0.0000
1.0000 6.0000 0.2806 0.0000 -0.2556 0.0000
1.0000 2.0000 0.2806 0.0000 -0.1401 0.0000
2.0000 3.0000 0.1812 0.0000 -0.0899 0.0000
1.0000 4.0000 0.2806 0.0000 -0.1385 0.0000
4.0000 5.0000 0.1792 0.0000 -0.0872 0.0000
6.0000 7.0000 0.2556 0.0000 -0.1718 0.0000
7.0000 8.0000 0.2250 0.0000 -0.1689 0.0000
8.0000 9.0000 0.2211 0.0000 -0.0498 0.0000
9.0000 10.0000 0.0498 0.0000 -0.0414 0.0000
6.0000 11.0000 0.2556 0.0000 -0.1730 0.0000
11.0000 12.0000 0.2265 0.0000 -0.1675 0.0000
12.0000 13.0000 0.2194 0.0000 -0.0501 0.0000
13.0000 14.0000 0.0501 0.0000 -0.0438 0.0000
  4.00   1.00   0.00   6.00   0.00   0.00   0.00   0.00   4.00   1.00
  4.00   2.00   0.00   6.00   0.00   0.00   0.00   0.00   4.00   2.00
  4.00   3.00   0.00   2.00   0.00   0.00   0.00   0.00   4.00   3.00
  4.00   4.00   0.00   6.00   0.00   0.00   0.00   0.00   4.00   4.00
  4.00   5.00   0.00   4.00   0.00   0.00   0.00   0.00   4.00   5.00
  3.00   6.00   1.00   0.00   0.00   0.00   0.00   0.00   4.00   6.00
  3.00   6.00   2.00   0.00   0.00   0.00   0.00   0.00   4.00   7.00
  3.00   6.00   3.00   0.00   0.00   0.00   0.00   0.00   4.00   8.00
  4.00   7.00   0.00   6.00   0.00   0.00   0.00   0.00   4.00   9.00
  4.00   8.00   0.00   7.00   0.00   0.00   0.00   0.00   4.00  10.00
  4.00   9.00   0.00   8.00   0.00   0.00   0.00   0.00   4.00  11.00
  4.00  10.00   0.00   9.00   0.00   0.00   0.00   0.00   4.00  12.00
  4.00  11.00   0.00   6.00   0.00   0.00   0.00   0.00   4.00  13.00
  4.00  12.00   0.00  11.00   0.00   0.00   0.00   0.00   4.00  14.00
  4.00  13.00   0.00  12.00   0.00   0.00   0.00   0.00   4.00  15.00
  4.00  14.00   0.00  13.00   0.00   0.00   0.00   0.00   4.00  16.00
 13.00   4.00   1.00
  9.00   4.00   2.00
 13.00   4.00   3.00
  0.00 -9.8100
  8.00   1.00   5.00   5.00
  0.00   0.01   6.16   0.01
