 0.000 -1.42993
 0.010 -1.42987
 0.020 -1.42981
 0.030 -1.42976
 0.040 -1.42970
 0.050 -1.42965
 0.060 -1.42959
 0.070 -1.42954
 0.080 -1.42948
 0.090 -1.42943
 0.100 -1.42938
 0.110 -1.42932
 0.120 -1.42927
 0.130 -1.42922
 0.140 -1.42916
 0.150 -1.42911
 0.160 -1.42906
 0.170 -1.42900
 0.180 -1.42895
 0.190 -1.42890
 0.200 -1.42884
 0.210 -1.42879
 0.220 -1.42874
 0.230 -1.42868
 0.240 -1.42863
 0.250 -1.42857
 0.260 -1.42851
 0.270 -1.42845
 0.280 -1.42839
 0.290 -1.42833
 0.300 -1.42827
 0.310 -1.42821
 0.320 -1.42815
 0.330 -1.42809
 0.340 -1.42802
 0.350 -1.42796
 0.360 -1.42790
 0.370 -1.42784
 0.380 -1.42778
 0.390 -1.42773
 0.400 -1.42767
 0.410 -1.42762
 0.420 -1.42756
 0.430 -1.42751
 0.440 -1.42746
 0.450 -1.42741
 0.460 -1.42737
 0.470 -1.42733
 0.480 -1.42729
 0.490 -1.42725
 0.500 -1.42721
 0.510 -1.42718
 0.520 -1.42715
 0.530 -1.42712
 0.540 -1.42709
 0.550 -1.42707
 0.560 -1.42705
 0.570 -1.42703
 0.580 -1.42702
 0.590 -1.42700
 0.600 -1.42699
 0.610 -1.42699
 0.620 -1.42698
 0.630 -1.42698
 0.640 -1.42697
 0.650 -1.42697
 0.660 -1.42697
 0.670 -1.42698
 0.680 -1.42698
 0.690 -1.42698
 0.700 -1.42699
 0.710 -1.42699
 0.720 -1.42700
 0.730 -1.42700
 0.740 -1.42701
 0.750 -1.42701
 0.760 -1.42702
 0.770 -1.42702
 0.780 -1.42703
 0.790 -1.42703
 0.800 -1.42704
 0.810 -1.42705
 0.820 -1.42705
 0.830 -1.42706
 0.840 -1.42707
 0.850 -1.42707
 0.860 -1.42708
 0.870 -1.42709
 0.880 -1.42710
 0.890 -1.42711
 0.900 -1.42713
 0.910 -1.42714
 0.920 -1.42715
 0.930 -1.42717
 0.940 -1.42719
 0.950 -1.42721
 0.960 -1.42723
 0.970 -1.42725
 0.980 -1.42728
 0.990 -1.42731
 1.000 -1.42734
 1.010 -1.42737
 1.020 -1.42741
 1.030 -1.42745
 1.040 -1.42749
 1.050 -1.42754
 1.060 -1.42758
 1.070 -1.42762
 1.080 -1.42767
 1.090 -1.42772
 1.100 -1.42776
 1.110 -1.42781
 1.120 -1.42785
 1.130 -1.42789
 1.140 -1.42794
 1.150 -1.42797
 1.160 -1.42801
 1.170 -1.42804
 1.180 -1.42807
 1.190 -1.42810
 1.200 -1.42812
 1.210 -1.42814
 1.220 -1.42816
 1.230 -1.42817
 1.240 -1.42818
 1.250 -1.42819
 1.260 -1.42819
 1.270 -1.42819
 1.280 -1.42819
 1.290 -1.42819
 1.300 -1.42818
 1.310 -1.42817
 1.320 -1.42816
 1.330 -1.42815
 1.340 -1.42813
 1.350 -1.42812
 1.360 -1.42810
 1.370 -1.42809
 1.380 -1.42807
 1.390 -1.42806
 1.400 -1.42804
 1.410 -1.42803
 1.420 -1.42802
 1.430 -1.42801
 1.440 -1.42801
 1.450 -1.42800
 1.460 -1.42800
 1.470 -1.42801
 1.480 -1.42802
 1.490 -1.42803
 1.500 -1.42805
 1.510 -1.42807
 1.520 -1.42809
 1.530 -1.42812
 1.540 -1.42816
 1.550 -1.42820
 1.560 -1.42824
 1.570 -1.42829
 1.580 -1.42834
 1.590 -1.42839
 1.600 -1.42845
 1.610 -1.42851
 1.620 -1.42857
 1.630 -1.42864
 1.640 -1.42871
 1.650 -1.42877
 1.660 -1.42884
 1.670 -1.42891
 1.680 -1.42899
 1.690 -1.42906
 1.700 -1.42913
 1.710 -1.42920
 1.720 -1.42928
 1.730 -1.42935
 1.740 -1.42943
 1.750 -1.42950
 1.760 -1.42958
 1.770 -1.42965
 1.780 -1.42972
 1.790 -1.42979
 1.800 -1.42986
 1.810 -1.42993
 1.820 -1.43000
 1.830 -1.43006
 1.840 -1.43013
 1.850 -1.43019
 1.860 -1.43025
 1.870 -1.43031
 1.880 -1.43036
 1.890 -1.43041
 1.900 -1.43047
 1.910 -1.43051
 1.920 -1.43056
 1.930 -1.43060
 1.940 -1.43064
 1.950 -1.43068
 1.960 -1.43071
 1.970 -1.43074
 1.980 -1.43077
 1.990 -1.43079
 2.000 -1.43081
 2.010 -1.43083
 2.020 -1.43085
 2.030 -1.43087
 2.040 -1.43089
 2.050 -1.43090
 2.060 -1.43092
 2.070 -1.43093
 2.080 -1.43095
 2.090 -1.43097
 2.100 -1.43098
 2.110 -1.43100
 2.120 -1.43102
 2.130 -1.43104
 2.140 -1.43107
 2.150 -1.43109
 2.160 -1.43112
 2.170 -1.43114
 2.180 -1.43117
 2.190 -1.43120
 2.200 -1.43123
 2.210 -1.43126
 2.220 -1.43129
 2.230 -1.43132
 2.240 -1.43136
 2.250 -1.43139
 2.260 -1.43142
 2.270 -1.43146
 2.280 -1.43149
 2.290 -1.43152
 2.300 -1.43156
 2.310 -1.43159
 2.320 -1.43162
 2.330 -1.43166
 2.340 -1.43169
 2.350 -1.43172
 2.360 -1.43175
 2.370 -1.43178
 2.380 -1.43181
 2.390 -1.43184
 2.400 -1.43186
 2.410 -1.43189
 2.420 -1.43190
 2.430 -1.43192
 2.440 -1.43193
 2.450 -1.43194
 2.460 -1.43194
 2.470 -1.43194
 2.480 -1.43193
 2.490 -1.43192
 2.500 -1.43190
 2.510 -1.43188
 2.520 -1.43186
 2.530 -1.43182
 2.540 -1.43179
 2.550 -1.43175
 2.560 -1.43170
 2.570 -1.43165
 2.580 -1.43160
 2.590 -1.43155
 2.600 -1.43149
 2.610 -1.43142
 2.620 -1.43136
 2.630 -1.43129
 2.640 -1.43122
 2.650 -1.43114
 2.660 -1.43106
 2.670 -1.43098
 2.680 -1.43090
 2.690 -1.43082
 2.700 -1.43074
 2.710 -1.43065
 2.720 -1.43056
 2.730 -1.43047
 2.740 -1.43038
 2.750 -1.43029
 2.760 -1.43020
 2.770 -1.43011
 2.780 -1.43002
 2.790 -1.42993
 2.800 -1.42984
 2.810 -1.42975
 2.820 -1.42966
 2.830 -1.42957
 2.840 -1.42948
 2.850 -1.42940
 2.860 -1.42931
 2.870 -1.42923
 2.880 -1.42915
 2.890 -1.42908
 2.900 -1.42900
 2.910 -1.42893
 2.920 -1.42887
 2.930 -1.42881
 2.940 -1.42875
 2.950 -1.42870
 2.960 -1.42865
 2.970 -1.42861
 2.980 -1.42857
 2.990 -1.42854
 3.000 -1.42852
 3.010 -1.42851
 3.020 -1.42849
 3.030 -1.42849
 3.040 -1.42849
 3.050 -1.42850
 3.060 -1.42851
 3.070 -1.42853
 3.080 -1.42855
 3.090 -1.42857
 3.100 -1.42860
 3.110 -1.42863
 3.120 -1.42866
 3.130 -1.42869
 3.140 -1.42872
 3.150 -1.42876
 3.160 -1.42879
 3.170 -1.42883
 3.180 -1.42886
 3.190 -1.42889
 3.200 -1.42892
 3.210 -1.42895
 3.220 -1.42897
 3.230 -1.42899
 3.240 -1.42901
 3.250 -1.42903
 3.260 -1.42904
 3.270 -1.42905
 3.280 -1.42906
 3.290 -1.42906
 3.300 -1.42906
 3.310 -1.42906
 3.320 -1.42905
 3.330 -1.42905
 3.340 -1.42903
 3.350 -1.42902
 3.360 -1.42900
 3.370 -1.42898
 3.380 -1.42897
 3.390 -1.42895
 3.400 -1.42893
 3.410 -1.42891
 3.420 -1.42889
 3.430 -1.42887
 3.440 -1.42885
 3.450 -1.42883
 3.460 -1.42882
 3.470 -1.42880
 3.480 -1.42879
 3.490 -1.42878
 3.500 -1.42877
 3.510 -1.42876
 3.520 -1.42875
 3.530 -1.42874
 3.540 -1.42873
 3.550 -1.42872
 3.560 -1.42871
 3.570 -1.42870
 3.580 -1.42869
 3.590 -1.42868
 3.600 -1.42867
 3.610 -1.42867
 3.620 -1.42866
 3.630 -1.42865
 3.640 -1.42864
 3.650 -1.42863
 3.660 -1.42863
 3.670 -1.42862
 3.680 -1.42862
 3.690 -1.42861
 3.700 -1.42861
 3.710 -1.42860
 3.720 -1.42860
 3.730 -1.42859
 3.740 -1.42859
 3.750 -1.42859
 3.760 -1.42859
 3.770 -1.42859
 3.780 -1.42859
 3.790 -1.42859
 3.800 -1.42859
 3.810 -1.42860
 3.820 -1.42860
 3.830 -1.42860
 3.840 -1.42861
 3.850 -1.42862
 3.860 -1.42863
 3.870 -1.42864
 3.880 -1.42865
 3.890 -1.42866
 3.900 -1.42868
 3.910 -1.42869
 3.920 -1.42871
 3.930 -1.42873
 3.940 -1.42874
 3.950 -1.42876
 3.960 -1.42879
 3.970 -1.42881
 3.980 -1.42883
 3.990 -1.42885
 4.000 -1.42888
 4.010 -1.42890
 4.020 -1.42893
 4.030 -1.42896
 4.040 -1.42899
 4.050 -1.42902
 4.060 -1.42905
 4.070 -1.42908
 4.080 -1.42911
 4.090 -1.42914
 4.100 -1.42918
 4.110 -1.42921
 4.120 -1.42925
 4.130 -1.42929
 4.140 -1.42933
 4.150 -1.42936
 4.160 -1.42940
 4.170 -1.42944
 4.180 -1.42948
 4.190 -1.42952
 4.200 -1.42956
 4.210 -1.42960
 4.220 -1.42964
 4.230 -1.42969
 4.240 -1.42973
 4.250 -1.42977
 4.260 -1.42981
 4.270 -1.42985
 4.280 -1.42990
 4.290 -1.42994
 4.300 -1.42998
 4.310 -1.43003
 4.320 -1.43007
 4.330 -1.43011
 4.340 -1.43015
 4.350 -1.43020
 4.360 -1.43024
 4.370 -1.43028
 4.380 -1.43032
 4.390 -1.43036
 4.400 -1.43041
 4.410 -1.43045
 4.420 -1.43049
 4.430 -1.43053
 4.440 -1.43057
 4.450 -1.43061
 4.460 -1.43065
 4.470 -1.43069
 4.480 -1.43073
 4.490 -1.43077
 4.500 -1.43081
 4.510 -1.43085
 4.520 -1.43089
 4.530 -1.43094
 4.540 -1.43098
 4.550 -1.43102
 4.560 -1.43106
 4.570 -1.43110
 4.580 -1.43114
 4.590 -1.43119
 4.600 -1.43123
 4.610 -1.43128
 4.620 -1.43132
 4.630 -1.43137
 4.640 -1.43142
 4.650 -1.43147
 4.660 -1.43153
 4.670 -1.43158
 4.680 -1.43163
 4.690 -1.43169
 4.700 -1.43175
 4.710 -1.43181
 4.720 -1.43187
 4.730 -1.43193
 4.740 -1.43199
 4.750 -1.43205
 4.760 -1.43211
 4.770 -1.43217
 4.780 -1.43223
 4.790 -1.43229
 4.800 -1.43235
 4.810 -1.43240
 4.820 -1.43246
 4.830 -1.43251
 4.840 -1.43255
 4.850 -1.43260
 4.860 -1.43264
 4.870 -1.43268
 4.880 -1.43272
 4.890 -1.43275
 4.900 -1.43278
 4.910 -1.43281
 4.920 -1.43283
 4.930 -1.43285
 4.940 -1.43287
 4.950 -1.43289
 4.960 -1.43290
 4.970 -1.43292
 4.980 -1.43293
 4.990 -1.43294
 5.000 -1.43294
 5.010 -1.43295
 5.020 -1.43296
 5.030 -1.43297
 5.040 -1.43297
 5.050 -1.43298
 5.060 -1.43299
 5.070 -1.43300
 5.080 -1.43301
 5.090 -1.43301
 5.100 -1.43302
 5.110 -1.43304
 5.120 -1.43305
 5.130 -1.43306
 5.140 -1.43307
 5.150 -1.43309
 5.160 -1.43310
 5.170 -1.43312
 5.180 -1.43314
 5.190 -1.43315
 5.200 -1.43317
 5.210 -1.43319
 5.220 -1.43321
 5.230 -1.43323
 5.240 -1.43325
 5.250 -1.43327
 5.260 -1.43329
 5.270 -1.43331
 5.280 -1.43334
 5.290 -1.43336
 5.300 -1.43339
 5.310 -1.43341
 5.320 -1.43343
 5.330 -1.43346
 5.340 -1.43348
 5.350 -1.43350
 5.360 -1.43352
 5.370 -1.43354
 5.380 -1.43356
 5.390 -1.43358
 5.400 -1.43360
 5.410 -1.43361
 5.420 -1.43363
 5.430 -1.43365
 5.440 -1.43366
 5.450 -1.43368
 5.460 -1.43369
 5.470 -1.43370
 5.480 -1.43372
 5.490 -1.43373
 5.500 -1.43374
 5.510 -1.43376
 5.520 -1.43377
 5.530 -1.43379
 5.540 -1.43380
 5.550 -1.43382
 5.560 -1.43384
 5.570 -1.43386
 5.580 -1.43388
 5.590 -1.43390
 5.600 -1.43392
