 0.000 0.25802
 0.010 0.25809
 0.020 0.25815
 0.030 0.25821
 0.040 0.25825
 0.050 0.25828
 0.060 0.25831
 0.070 0.25833
 0.080 0.25834
 0.090 0.25833
 0.100 0.25832
 0.110 0.25830
 0.120 0.25827
 0.130 0.25822
 0.140 0.25817
 0.150 0.25810
 0.160 0.25803
 0.170 0.25794
 0.180 0.25785
 0.190 0.25776
 0.200 0.25766
 0.210 0.25756
 0.220 0.25746
 0.230 0.25736
 0.240 0.25726
 0.250 0.25717
 0.260 0.25708
 0.270 0.25701
 0.280 0.25694
 0.290 0.25689
 0.300 0.25684
 0.310 0.25681
 0.320 0.25679
 0.330 0.25678
 0.340 0.25678
 0.350 0.25679
 0.360 0.25681
 0.370 0.25683
 0.380 0.25686
 0.390 0.25688
 0.400 0.25690
 0.410 0.25692
 0.420 0.25693
 0.430 0.25692
 0.440 0.25689
 0.450 0.25685
 0.460 0.25678
 0.470 0.25668
 0.480 0.25656
 0.490 0.25642
 0.500 0.25625
 0.510 0.25605
 0.520 0.25583
 0.530 0.25560
 0.540 0.25534
 0.550 0.25507
 0.560 0.25479
 0.570 0.25450
 0.580 0.25420
 0.590 0.25390
 0.600 0.25360
 0.610 0.25329
 0.620 0.25299
 0.630 0.25269
 0.640 0.25240
 0.650 0.25212
 0.660 0.25186
 0.670 0.25162
 0.680 0.25139
 0.690 0.25118
 0.700 0.25099
 0.710 0.25082
 0.720 0.25066
 0.730 0.25053
 0.740 0.25042
 0.750 0.25032
 0.760 0.25025
 0.770 0.25019
 0.780 0.25016
 0.790 0.25014
 0.800 0.25014
 0.810 0.25016
 0.820 0.25020
 0.830 0.25025
 0.840 0.25032
 0.850 0.25039
 0.860 0.25048
 0.870 0.25057
 0.880 0.25067
 0.890 0.25077
 0.900 0.25088
 0.910 0.25099
 0.920 0.25109
 0.930 0.25120
 0.940 0.25131
 0.950 0.25142
 0.960 0.25152
 0.970 0.25162
 0.980 0.25173
 0.990 0.25183
 1.000 0.25193
 1.010 0.25204
 1.020 0.25214
 1.030 0.25225
 1.040 0.25236
 1.050 0.25248
 1.060 0.25259
 1.070 0.25271
 1.080 0.25283
 1.090 0.25295
 1.100 0.25307
 1.110 0.25318
 1.120 0.25329
 1.130 0.25340
 1.140 0.25350
 1.150 0.25359
 1.160 0.25368
 1.170 0.25376
 1.180 0.25383
 1.190 0.25390
 1.200 0.25396
 1.210 0.25402
 1.220 0.25407
 1.230 0.25411
 1.240 0.25414
 1.250 0.25417
 1.260 0.25420
 1.270 0.25422
 1.280 0.25423
 1.290 0.25425
 1.300 0.25426
 1.310 0.25427
 1.320 0.25428
 1.330 0.25428
 1.340 0.25429
 1.350 0.25430
 1.360 0.25430
 1.370 0.25430
 1.380 0.25431
 1.390 0.25431
 1.400 0.25431
 1.410 0.25433
 1.420 0.25434
 1.430 0.25437
 1.440 0.25440
 1.450 0.25445
 1.460 0.25450
 1.470 0.25457
 1.480 0.25465
 1.490 0.25475
 1.500 0.25486
 1.510 0.25498
 1.520 0.25511
 1.530 0.25525
 1.540 0.25540
 1.550 0.25555
 1.560 0.25571
 1.570 0.25586
 1.580 0.25601
 1.590 0.25616
 1.600 0.25630
 1.610 0.25643
 1.620 0.25655
 1.630 0.25665
 1.640 0.25673
 1.650 0.25680
 1.660 0.25684
 1.670 0.25687
 1.680 0.25687
 1.690 0.25686
 1.700 0.25683
 1.710 0.25678
 1.720 0.25673
 1.730 0.25666
 1.740 0.25658
 1.750 0.25650
 1.760 0.25641
 1.770 0.25632
 1.780 0.25623
 1.790 0.25613
 1.800 0.25604
 1.810 0.25595
 1.820 0.25585
 1.830 0.25576
 1.840 0.25568
 1.850 0.25559
 1.860 0.25551
 1.870 0.25544
 1.880 0.25537
 1.890 0.25531
 1.900 0.25525
 1.910 0.25520
 1.920 0.25516
 1.930 0.25512
 1.940 0.25510
 1.950 0.25507
 1.960 0.25505
 1.970 0.25504
 1.980 0.25502
 1.990 0.25500
 2.000 0.25498
 2.010 0.25495
 2.020 0.25490
 2.030 0.25484
 2.040 0.25476
 2.050 0.25466
 2.060 0.25453
 2.070 0.25437
 2.080 0.25418
 2.090 0.25397
 2.100 0.25373
 2.110 0.25348
 2.120 0.25320
 2.130 0.25292
 2.140 0.25264
 2.150 0.25235
 2.160 0.25207
 2.170 0.25180
 2.180 0.25155
 2.190 0.25131
 2.200 0.25109
 2.210 0.25090
 2.220 0.25072
 2.230 0.25057
 2.240 0.25044
 2.250 0.25034
 2.260 0.25027
 2.270 0.25021
 2.280 0.25018
 2.290 0.25016
 2.300 0.25017
 2.310 0.25018
 2.320 0.25021
 2.330 0.25024
 2.340 0.25027
 2.350 0.25030
 2.360 0.25033
 2.370 0.25034
 2.380 0.25034
 2.390 0.25032
 2.400 0.25029
 2.410 0.25023
 2.420 0.25015
 2.430 0.25004
 2.440 0.24991
 2.450 0.24976
 2.460 0.24958
 2.470 0.24938
 2.480 0.24917
 2.490 0.24893
 2.500 0.24868
 2.510 0.24843
 2.520 0.24817
 2.530 0.24790
 2.540 0.24764
 2.550 0.24739
 2.560 0.24715
 2.570 0.24693
 2.580 0.24671
 2.590 0.24652
 2.600 0.24634
 2.610 0.24617
 2.620 0.24603
 2.630 0.24589
 2.640 0.24577
 2.650 0.24566
 2.660 0.24556
 2.670 0.24546
 2.680 0.24537
 2.690 0.24527
 2.700 0.24516
 2.710 0.24505
 2.720 0.24493
 2.730 0.24480
 2.740 0.24466
 2.750 0.24451
 2.760 0.24434
 2.770 0.24417
 2.780 0.24398
 2.790 0.24380
 2.800 0.24361
 2.810 0.24342
 2.820 0.24325
 2.830 0.24308
 2.840 0.24294
 2.850 0.24282
 2.860 0.24272
 2.870 0.24265
 2.880 0.24262
 2.890 0.24263
 2.900 0.24267
 2.910 0.24274
 2.920 0.24286
 2.930 0.24300
 2.940 0.24317
 2.950 0.24337
 2.960 0.24359
 2.970 0.24382
 2.980 0.24406
 2.990 0.24431
 3.000 0.24456
 3.010 0.24481
 3.020 0.24506
 3.030 0.24529
 3.040 0.24551
 3.050 0.24572
 3.060 0.24592
 3.070 0.24609
 3.080 0.24625
 3.090 0.24640
 3.100 0.24652
 3.110 0.24663
 3.120 0.24673
 3.130 0.24681
 3.140 0.24687
 3.150 0.24692
 3.160 0.24695
 3.170 0.24697
 3.180 0.24698
 3.190 0.24698
 3.200 0.24696
 3.210 0.24694
 3.220 0.24692
 3.230 0.24689
 3.240 0.24686
 3.250 0.24682
 3.260 0.24678
 3.270 0.24674
 3.280 0.24670
 3.290 0.24666
 3.300 0.24662
 3.310 0.24658
 3.320 0.24655
 3.330 0.24653
 3.340 0.24651
 3.350 0.24650
 3.360 0.24649
 3.370 0.24650
 3.380 0.24652
 3.390 0.24654
 3.400 0.24658
 3.410 0.24663
 3.420 0.24669
 3.430 0.24676
 3.440 0.24683
 3.450 0.24691
 3.460 0.24699
 3.470 0.24707
 3.480 0.24714
 3.490 0.24722
 3.500 0.24728
 3.510 0.24734
 3.520 0.24739
 3.530 0.24742
 3.540 0.24745
 3.550 0.24747
 3.560 0.24748
 3.570 0.24748
 3.580 0.24748
 3.590 0.24748
 3.600 0.24748
 3.610 0.24749
 3.620 0.24750
 3.630 0.24753
 3.640 0.24758
 3.650 0.24764
 3.660 0.24772
 3.670 0.24782
 3.680 0.24795
 3.690 0.24810
 3.700 0.24826
 3.710 0.24845
 3.720 0.24865
 3.730 0.24886
 3.740 0.24908
 3.750 0.24930
 3.760 0.24952
 3.770 0.24974
 3.780 0.24995
 3.790 0.25015
 3.800 0.25033
 3.810 0.25049
 3.820 0.25063
 3.830 0.25075
 3.840 0.25086
 3.850 0.25095
 3.860 0.25102
 3.870 0.25108
 3.880 0.25113
 3.890 0.25116
 3.900 0.25119
 3.910 0.25121
 3.920 0.25123
 3.930 0.25125
 3.940 0.25127
 3.950 0.25129
 3.960 0.25132
 3.970 0.25135
 3.980 0.25139
 3.990 0.25143
 4.000 0.25148
 4.010 0.25155
 4.020 0.25161
 4.030 0.25169
 4.040 0.25177
 4.050 0.25185
 4.060 0.25194
 4.070 0.25203
 4.080 0.25213
 4.090 0.25222
 4.100 0.25231
 4.110 0.25241
 4.120 0.25250
 4.130 0.25259
 4.140 0.25269
 4.150 0.25278
 4.160 0.25287
 4.170 0.25296
 4.180 0.25305
 4.190 0.25314
 4.200 0.25323
 4.210 0.25332
 4.220 0.25341
 4.230 0.25351
 4.240 0.25360
 4.250 0.25370
 4.260 0.25380
 4.270 0.25390
 4.280 0.25401
 4.290 0.25412
 4.300 0.25423
 4.310 0.25435
 4.320 0.25447
 4.330 0.25459
 4.340 0.25471
 4.350 0.25484
 4.360 0.25496
 4.370 0.25509
 4.380 0.25521
 4.390 0.25533
 4.400 0.25545
 4.410 0.25557
 4.420 0.25568
 4.430 0.25579
 4.440 0.25590
 4.450 0.25600
 4.460 0.25609
 4.470 0.25617
 4.480 0.25624
 4.490 0.25631
 4.500 0.25637
 4.510 0.25641
 4.520 0.25646
 4.530 0.25649
 4.540 0.25652
 4.550 0.25654
 4.560 0.25655
 4.570 0.25657
 4.580 0.25657
 4.590 0.25657
 4.600 0.25657
 4.610 0.25657
 4.620 0.25656
 4.630 0.25655
 4.640 0.25654
 4.650 0.25652
 4.660 0.25649
 4.670 0.25646
 4.680 0.25642
 4.690 0.25638
 4.700 0.25632
 4.710 0.25626
 4.720 0.25620
 4.730 0.25613
 4.740 0.25605
 4.750 0.25596
 4.760 0.25587
 4.770 0.25578
 4.780 0.25568
 4.790 0.25558
 4.800 0.25547
 4.810 0.25537
 4.820 0.25527
 4.830 0.25516
 4.840 0.25506
 4.850 0.25496
 4.860 0.25486
 4.870 0.25477
 4.880 0.25468
 4.890 0.25460
 4.900 0.25453
 4.910 0.25447
 4.920 0.25441
 4.930 0.25437
 4.940 0.25433
 4.950 0.25430
 4.960 0.25427
 4.970 0.25425
 4.980 0.25422
 4.990 0.25420
 5.000 0.25417
 5.010 0.25414
 5.020 0.25411
 5.030 0.25407
 5.040 0.25402
 5.050 0.25397
 5.060 0.25390
 5.070 0.25383
 5.080 0.25374
 5.090 0.25364
 5.100 0.25352
 5.110 0.25339
 5.120 0.25325
 5.130 0.25310
 5.140 0.25294
 5.150 0.25277
 5.160 0.25260
 5.170 0.25242
 5.180 0.25224
 5.190 0.25206
 5.200 0.25189
 5.210 0.25172
 5.220 0.25156
 5.230 0.25141
 5.240 0.25127
 5.250 0.25114
 5.260 0.25103
 5.270 0.25093
 5.280 0.25084
 5.290 0.25077
 5.300 0.25071
 5.310 0.25066
 5.320 0.25062
 5.330 0.25060
 5.340 0.25058
 5.350 0.25057
 5.360 0.25056
 5.370 0.25056
 5.380 0.25057
 5.390 0.25058
 5.400 0.25059
 5.410 0.25061
 5.420 0.25064
 5.430 0.25067
 5.440 0.25071
 5.450 0.25075
 5.460 0.25080
 5.470 0.25086
 5.480 0.25092
 5.490 0.25099
 5.500 0.25107
 5.510 0.25116
 5.520 0.25126
 5.530 0.25137
 5.540 0.25150
 5.550 0.25164
 5.560 0.25179
 5.570 0.25196
 5.580 0.25213
 5.590 0.25232
 5.600 0.25252
