 0.000 0.27230
 0.010 0.26967
 0.020 0.26958
 0.030 0.26950
 0.040 0.26942
 0.050 0.26935
 0.060 0.26927
 0.070 0.26920
 0.080 0.26913
 0.090 0.26906
 0.100 0.26899
 0.110 0.26893
 0.120 0.26887
 0.130 0.26881
 0.140 0.26875
 0.150 0.26869
 0.160 0.26864
 0.170 0.26859
 0.180 0.26853
 0.190 0.26848
 0.200 0.26843
 0.210 0.26838
 0.220 0.26833
 0.230 0.26829
 0.240 0.26824
 0.250 0.26819
 0.260 0.26814
 0.270 0.26810
 0.280 0.26805
 0.290 0.26801
 0.300 0.26796
 0.310 0.26791
 0.320 0.26787
 0.330 0.26783
 0.340 0.26778
 0.350 0.26774
 0.360 0.26770
 0.370 0.26765
 0.380 0.26761
 0.390 0.26757
 0.400 0.26753
 0.410 0.26749
 0.420 0.26745
 0.430 0.26741
 0.440 0.26738
 0.450 0.26734
 0.460 0.26730
 0.470 0.26727
 0.480 0.26724
 0.490 0.26721
 0.500 0.26718
 0.510 0.26715
 0.520 0.26713
 0.530 0.26710
 0.540 0.26708
 0.550 0.26706
 0.560 0.26704
 0.570 0.26703
 0.580 0.26701
 0.590 0.26700
 0.600 0.26699
 0.610 0.26698
 0.620 0.26697
 0.630 0.26696
 0.640 0.26695
 0.650 0.26695
 0.660 0.26695
 0.670 0.26694
 0.680 0.26694
 0.690 0.26693
 0.700 0.26693
 0.710 0.26693
 0.720 0.26693
 0.730 0.26693
 0.740 0.26692
 0.750 0.26692
 0.760 0.26692
 0.770 0.26692
 0.780 0.26692
 0.790 0.26692
 0.800 0.26692
 0.810 0.26692
 0.820 0.26693
 0.830 0.26693
 0.840 0.26693
 0.850 0.26693
 0.860 0.26693
 0.870 0.26693
 0.880 0.26693
 0.890 0.26693
 0.900 0.26693
 0.910 0.26693
 0.920 0.26693
 0.930 0.26693
 0.940 0.26692
 0.950 0.26692
 0.960 0.26691
 0.970 0.26691
 0.980 0.26690
 0.990 0.26690
 1.000 0.26689
 1.010 0.26689
 1.020 0.26689
 1.030 0.26688
 1.040 0.26688
 1.050 0.26688
 1.060 0.26688
 1.070 0.26688
 1.080 0.26688
 1.090 0.26689
 1.100 0.26689
 1.110 0.26690
 1.120 0.26691
 1.130 0.26692
 1.140 0.26693
 1.150 0.26694
 1.160 0.26696
 1.170 0.26698
 1.180 0.26700
 1.190 0.26702
 1.200 0.26704
 1.210 0.26707
 1.220 0.26710
 1.230 0.26713
 1.240 0.26716
 1.250 0.26719
 1.260 0.26723
 1.270 0.26727
 1.280 0.26731
 1.290 0.26736
 1.300 0.26740
 1.310 0.26745
 1.320 0.26749
 1.330 0.26754
 1.340 0.26759
 1.350 0.26765
 1.360 0.26770
 1.370 0.26776
 1.380 0.26781
 1.390 0.26787
 1.400 0.26793
 1.410 0.26799
 1.420 0.26805
 1.430 0.26811
 1.440 0.26817
 1.450 0.26823
 1.460 0.26829
 1.470 0.26835
 1.480 0.26841
 1.490 0.26848
 1.500 0.26854
 1.510 0.26860
 1.520 0.26866
 1.530 0.26872
 1.540 0.26879
 1.550 0.26885
 1.560 0.26891
 1.570 0.26898
 1.580 0.26904
 1.590 0.26911
 1.600 0.26917
 1.610 0.26924
 1.620 0.26930
 1.630 0.26937
 1.640 0.26944
 1.650 0.26951
 1.660 0.26958
 1.670 0.26966
 1.680 0.26973
 1.690 0.26980
 1.700 0.26987
 1.710 0.26995
 1.720 0.27002
 1.730 0.27010
 1.740 0.27017
 1.750 0.27025
 1.760 0.27032
 1.770 0.27040
 1.780 0.27047
 1.790 0.27055
 1.800 0.27062
 1.810 0.27070
 1.820 0.27077
 1.830 0.27084
 1.840 0.27091
 1.850 0.27099
 1.860 0.27106
 1.870 0.27113
 1.880 0.27120
 1.890 0.27127
 1.900 0.27134
 1.910 0.27141
 1.920 0.27148
 1.930 0.27154
 1.940 0.27161
 1.950 0.27168
 1.960 0.27174
 1.970 0.27181
 1.980 0.27187
 1.990 0.27194
 2.000 0.27200
 2.010 0.27206
 2.020 0.27213
 2.030 0.27219
 2.040 0.27225
 2.050 0.27232
 2.060 0.27238
 2.070 0.27244
 2.080 0.27251
 2.090 0.27257
 2.100 0.27263
 2.110 0.27269
 2.120 0.27275
 2.130 0.27281
 2.140 0.27287
 2.150 0.27293
 2.160 0.27299
 2.170 0.27305
 2.180 0.27311
 2.190 0.27316
 2.200 0.27322
 2.210 0.27328
 2.220 0.27333
 2.230 0.27338
 2.240 0.27343
 2.250 0.27348
 2.260 0.27353
 2.270 0.27358
 2.280 0.27363
 2.290 0.27367
 2.300 0.27371
 2.310 0.27376
 2.320 0.27380
 2.330 0.27383
 2.340 0.27387
 2.350 0.27391
 2.360 0.27394
 2.370 0.27397
 2.380 0.27400
 2.390 0.27403
 2.400 0.27406
 2.410 0.27408
 2.420 0.27410
 2.430 0.27412
 2.440 0.27414
 2.450 0.27415
 2.460 0.27417
 2.470 0.27418
 2.480 0.27419
 2.490 0.27420
 2.500 0.27420
 2.510 0.27421
 2.520 0.27421
 2.530 0.27420
 2.540 0.27420
 2.550 0.27419
 2.560 0.27418
 2.570 0.27417
 2.580 0.27416
 2.590 0.27414
 2.600 0.27412
 2.610 0.27409
 2.620 0.27407
 2.630 0.27404
 2.640 0.27401
 2.650 0.27397
 2.660 0.27394
 2.670 0.27390
 2.680 0.27386
 2.690 0.27382
 2.700 0.27377
 2.710 0.27373
 2.720 0.27368
 2.730 0.27363
 2.740 0.27358
 2.750 0.27353
 2.760 0.27348
 2.770 0.27342
 2.780 0.27337
 2.790 0.27332
 2.800 0.27326
 2.810 0.27321
 2.820 0.27315
 2.830 0.27310
 2.840 0.27304
 2.850 0.27298
 2.860 0.27293
 2.870 0.27287
 2.880 0.27281
 2.890 0.27276
 2.900 0.27270
 2.910 0.27265
 2.920 0.27259
 2.930 0.27254
 2.940 0.27249
 2.950 0.27243
 2.960 0.27238
 2.970 0.27233
 2.980 0.27229
 2.990 0.27224
 3.000 0.27220
 3.010 0.27215
 3.020 0.27211
 3.030 0.27207
 3.040 0.27203
 3.050 0.27200
 3.060 0.27196
 3.070 0.27193
 3.080 0.27190
 3.090 0.27187
 3.100 0.27185
 3.110 0.27183
 3.120 0.27181
 3.130 0.27179
 3.140 0.27177
 3.150 0.27176
 3.160 0.27174
 3.170 0.27173
 3.180 0.27172
 3.190 0.27172
 3.200 0.27171
 3.210 0.27171
 3.220 0.27171
 3.230 0.27171
 3.240 0.27171
 3.250 0.27171
 3.260 0.27171
 3.270 0.27172
 3.280 0.27173
 3.290 0.27173
 3.300 0.27174
 3.310 0.27175
 3.320 0.27176
 3.330 0.27177
 3.340 0.27178
 3.350 0.27180
 3.360 0.27181
 3.370 0.27182
 3.380 0.27184
 3.390 0.27185
 3.400 0.27187
 3.410 0.27188
 3.420 0.27190
 3.430 0.27192
 3.440 0.27193
 3.450 0.27195
 3.460 0.27197
 3.470 0.27199
 3.480 0.27200
 3.490 0.27202
 3.500 0.27204
 3.510 0.27206
 3.520 0.27208
 3.530 0.27210
 3.540 0.27212
 3.550 0.27214
 3.560 0.27216
 3.570 0.27219
 3.580 0.27221
 3.590 0.27223
 3.600 0.27225
 3.610 0.27227
 3.620 0.27229
 3.630 0.27231
 3.640 0.27234
 3.650 0.27236
 3.660 0.27238
 3.670 0.27240
 3.680 0.27242
 3.690 0.27244
 3.700 0.27246
 3.710 0.27248
 3.720 0.27250
 3.730 0.27252
 3.740 0.27254
 3.750 0.27256
 3.760 0.27258
 3.770 0.27260
 3.780 0.27263
 3.790 0.27265
 3.800 0.27267
 3.810 0.27270
 3.820 0.27272
 3.830 0.27275
 3.840 0.27278
 3.850 0.27280
 3.860 0.27283
 3.870 0.27286
 3.880 0.27289
 3.890 0.27292
 3.900 0.27295
 3.910 0.27298
 3.920 0.27301
 3.930 0.27304
 3.940 0.27307
 3.950 0.27311
 3.960 0.27314
 3.970 0.27317
 3.980 0.27320
 3.990 0.27323
 4.000 0.27327
 4.010 0.27330
 4.020 0.27333
 4.030 0.27337
 4.040 0.27340
 4.050 0.27343
 4.060 0.27347
 4.070 0.27350
 4.080 0.27354
 4.090 0.27358
 4.100 0.27361
 4.110 0.27365
 4.120 0.27368
 4.130 0.27372
 4.140 0.27376
 4.150 0.27379
 4.160 0.27383
 4.170 0.27387
 4.180 0.27391
 4.190 0.27394
 4.200 0.27398
 4.210 0.27402
 4.220 0.27406
 4.230 0.27410
 4.240 0.27415
 4.250 0.27419
 4.260 0.27423
 4.270 0.27427
 4.280 0.27432
 4.290 0.27436
 4.300 0.27441
 4.310 0.27445
 4.320 0.27450
 4.330 0.27454
 4.340 0.27459
 4.350 0.27464
 4.360 0.27468
 4.370 0.27473
 4.380 0.27478
 4.390 0.27483
 4.400 0.27488
 4.410 0.27493
 4.420 0.27498
 4.430 0.27503
 4.440 0.27509
 4.450 0.27514
 4.460 0.27519
 4.470 0.27524
 4.480 0.27530
 4.490 0.27535
 4.500 0.27540
 4.510 0.27545
 4.520 0.27551
 4.530 0.27556
 4.540 0.27561
 4.550 0.27566
 4.560 0.27572
 4.570 0.27577
 4.580 0.27582
 4.590 0.27587
 4.600 0.27592
 4.610 0.27597
 4.620 0.27603
 4.630 0.27608
 4.640 0.27613
 4.650 0.27618
 4.660 0.27622
 4.670 0.27627
 4.680 0.27632
 4.690 0.27637
 4.700 0.27642
 4.710 0.27647
 4.720 0.27652
 4.730 0.27657
 4.740 0.27662
 4.750 0.27666
 4.760 0.27671
 4.770 0.27676
 4.780 0.27681
 4.790 0.27686
 4.800 0.27691
 4.810 0.27695
 4.820 0.27700
 4.830 0.27705
 4.840 0.27709
 4.850 0.27714
 4.860 0.27719
 4.870 0.27723
 4.880 0.27728
 4.890 0.27732
 4.900 0.27737
 4.910 0.27741
 4.920 0.27746
 4.930 0.27750
 4.940 0.27754
 4.950 0.27759
 4.960 0.27763
 4.970 0.27768
 4.980 0.27772
 4.990 0.27776
 5.000 0.27781
 5.010 0.27785
 5.020 0.27790
 5.030 0.27794
 5.040 0.27798
 5.050 0.27802
 5.060 0.27807
 5.070 0.27811
 5.080 0.27815
 5.090 0.27820
 5.100 0.27824
 5.110 0.27828
 5.120 0.27833
 5.130 0.27837
 5.140 0.27842
 5.150 0.27846
 5.160 0.27851
 5.170 0.27855
 5.180 0.27860
 5.190 0.27864
 5.200 0.27869
 5.210 0.27873
 5.220 0.27878
 5.230 0.27882
 5.240 0.27886
 5.250 0.27890
 5.260 0.27895
 5.270 0.27899
 5.280 0.27903
 5.290 0.27906
 5.300 0.27910
 5.310 0.27914
 5.320 0.27918
 5.330 0.27922
 5.340 0.27925
 5.350 0.27929
 5.360 0.27932
 5.370 0.27936
 5.380 0.27939
 5.390 0.27942
 5.400 0.27946
 5.410 0.27949
 5.420 0.27952
 5.430 0.27955
 5.440 0.27958
 5.450 0.27961
 5.460 0.27964
 5.470 0.27967
 5.480 0.27970
 5.490 0.27973
 5.500 0.27975
 5.510 0.27978
 5.520 0.27981
 5.530 0.27983
 5.540 0.27986
 5.550 0.27988
 5.560 0.27991
 5.570 0.27993
 5.580 0.27995
 5.590 0.27997
 5.600 0.28000
